   11.12
    5.54
    4.95
    7.09
    8.65
   11.71
    5.15
    9.69
    1.85
    9.54
   11.00
    8.30
   10.05
   16.73
    4.65
    9.47
    5.67
    6.45
   13.40
    5.12
    8.82
    2.90
   14.95
    5.67
    4.58
    2.46
    7.97
   11.97
    8.91
    4.34
   15.36
    5.05
    2.69
    5.41
    5.35
   11.33
    8.70
    4.93
   12.07
   10.31
    4.63
    5.91
    3.26
    6.03
    4.74
    9.80
    4.02
    4.93
    8.85
    1.93
    4.61
   11.04
    7.09
    7.78
   17.34
    4.60
    5.16
    7.52
    1.63
   11.83
   10.40
    3.56
    9.10
   21.97
   10.60
    9.12
   10.49
   13.41
    7.02
    3.33
    8.30
    9.72
   10.90
    8.87
    4.71
   14.63
   12.83
   11.04
   12.74
   10.51
    2.54
    7.27
   15.22
    5.39
    3.53
    5.61
    5.08
    6.29
   16.15
    8.44
    5.66
    3.28
   15.38
    2.15
    7.23
   11.11
   11.26
    5.62
    9.17
    9.67
   18.49
   10.98
    8.09
   16.87
    9.85
   14.58
   15.73
    6.96
    7.60
   11.17
    6.55
    4.58
    5.50
    3.86
    9.75
   12.27
   10.48
    5.95
    2.54
    5.18
    9.03
    8.61
    3.19
    9.41
    8.00
    9.80
    5.70
   12.01
    6.85
    9.89
    6.76
    5.96
    7.91
    8.50
    4.00
   10.82
    8.99
    5.65
    3.01
   17.20
    3.55
    5.93
    5.52
    5.02
    8.49
   10.81
    8.62
   16.50
    7.20
    6.20
    6.18
   17.83
   10.78
    2.33
   10.44
    7.53
    8.71
    5.26
    5.77
   10.31
    7.70
   13.27
    8.70
    5.58
   17.76
    7.22
   10.04
    4.07
   24.10
   11.39
    4.26
    4.88
   11.61
    8.52
   11.79
   14.15
   10.63
    8.37
    3.62
    3.70
    5.03
    4.34
   11.19
    5.82
    6.67
   12.37
    8.36
    7.82
    6.00
    9.27
   13.10
    9.77
   12.99
    7.39
    4.67
   10.08
    6.17
    6.46
    3.57
    6.78
    4.98
   15.20
   12.10
    5.29
    7.93
   13.22
    5.12
    8.78
   21.41
   10.34
    9.75
    2.93
    8.02
   12.32
    4.77
    5.60
    9.90
    2.86
    4.63
    9.27
    1.96
    6.30
   11.10
    3.67
    1.37
   11.58
   13.16
    3.53
   11.07
    8.15
    8.36
   10.08
   11.21
   17.54
    6.28
   15.76
   10.79
    5.37
    4.83
    3.61
    3.59
   10.67
    5.03
    6.46
    9.76
    6.12
    8.25
    8.38
   10.34
    9.54
    6.67
    8.50
   15.94
    6.58
   17.90
    4.15
    6.45
    7.73
    7.35
   11.23
   10.26
    5.38
    3.92
    4.71
   10.30
   12.99
    8.69
    5.42
    7.68
   10.35
    2.54
   12.44
   12.38
   15.61
    9.85
    6.51
   10.15
   14.03
    9.20
    7.48
   10.28
    3.94
    7.29
   11.56
   13.48
    5.90
   10.69
    9.45
    5.36
    6.89
   10.35
    8.38
    6.51
   16.76
    2.33
   14.26
   10.13
    9.06
   14.36
    5.70
   10.23
    6.79
    7.04
   11.13
   10.83
    2.96
    6.62
    3.62
    9.79
    5.78
    9.89
   15.15
    3.97
    9.31
    5.69
   12.16
    7.32
    5.90
    9.35
   16.50
    9.90
   11.44
    6.69
   10.33
    8.37
    7.30
    2.90
   12.53
   21.38
    5.89
    4.49
   11.44
    6.38
    6.05
    8.94
   11.29
    7.85
    6.54
    3.47
    4.69
    8.33
   12.77
    7.47
   10.22
    7.96
    7.83
    7.21
    5.65
    5.76
   15.22
    3.00
   17.31
    6.61
   12.86
    7.43
   10.70
    8.34
    8.32
   13.43
   12.94
    5.71
   14.68
    3.09
   11.13
    5.11
    4.55
    7.75
    9.67
    5.77
    6.57
    5.24
    5.82
   10.33
    7.27
   13.18
   10.03
   11.96
    6.76
   11.01
    2.56
    5.69
    8.14
    8.51
   14.31
    9.21
    4.34
   17.05
    3.92
    6.52
    4.99
    2.46
    5.69
    8.45
   11.91
    5.46
    5.72
    7.52
    8.84
   15.89
   26.51
    8.48
   12.77
    8.61
    5.18
   15.32
   10.92
   19.32
    8.56
    8.82
    3.57
    7.51
   18.43
   12.69
    8.86
   14.25
    7.46
    5.69
    6.84
   18.61
   21.33
    5.61
   10.91
   10.97
   10.74
   11.16
    5.72
    8.28
    5.74
    5.56
   16.55
    9.34
    3.57
    9.77
   10.00
    6.62
   14.71
    6.07
   13.88
   11.31
    9.24
    3.03
    5.22
    3.67
    8.78
    4.92
   12.32
    6.38
    6.04
   13.61
    4.40
   16.11
   11.09
   15.25
    6.08
   13.57
    3.67
    2.21
   14.92
    2.96
   17.64
    7.03
    6.85
    4.28
    4.57
    4.54
    6.05
    9.01
    2.86
    8.37
    6.97
    6.60
    6.11
    7.10
    5.73
   16.61
   11.01
    5.97
   11.21
    7.02
    5.98
    6.02
    8.59
    5.22
    7.71
   24.27
    8.35
    7.39
    8.67
    5.60
    8.73
   12.29
    8.32
   12.57
    5.37
   10.92
   10.86
   12.59
    5.02
   17.30
   16.44
    6.66
    3.75
    5.85
    5.76
    7.10
    8.11
    6.97
    8.11
    6.56
   14.35
    3.54
   19.71
   13.44
   16.08
   12.49
    2.42
    9.28
    6.46
    2.37
   15.45
    5.99
    4.32
   21.46
    2.57
    7.46
    4.37
    2.16
    2.59
    7.89
    2.20
    8.89
    4.82
    4.07
    7.79
    7.15
    7.32
   10.74
    5.99
    7.18
   17.31
   13.16
   17.54
    6.58
    4.41
   11.10
    6.37
    5.65
   13.87
    7.85
    3.04
    7.23
    6.40
    4.31
    9.05
    5.49
    2.95
    4.75
    9.24
    5.77
    9.07
    9.96
    3.65
    2.81
   11.23
    4.60
    9.44
    2.61
    8.20
    5.20
    5.01
   20.28
    8.49
    7.34
   11.06
   12.23
    4.99
    7.79
    2.97
   10.32
    7.91
    5.85
    9.52
   10.91
   11.18
    2.30
    7.36
    6.38
   11.17
    3.55
    6.61
    4.72
   10.39
    3.46
   13.01
    8.10
    6.80
    7.41
    8.52
   10.45
   14.56
    7.59
    5.11
    7.23
   11.33
   13.97
    3.42
   12.13
    3.33
    6.03
    6.17
    3.71
   10.94
   10.19
    6.60
    4.98
    9.04
    3.80
    7.55
    6.68
    5.33
   14.94
   12.72
    9.19
    7.59
    5.61
    8.59
   14.96
   18.99
   18.04
    5.09
    5.24
   10.04
    3.09
    7.44
   19.43
    5.96
    9.78
    5.24
    4.93
    8.22
   10.75
    5.00
    8.44
    2.21
    8.48
   10.74
   10.40
    8.73
    3.19
    6.89
   12.32
   10.25
    4.14
    7.21
   10.55
    5.93
    8.90
    8.95
    8.86
    6.20
    6.65
   13.68
    8.24
    3.21
   10.16
   10.05
    7.39
    8.91
    5.39
   12.54
   11.01
    6.55
    7.31
   10.68
   10.59
    8.08
    8.68
    5.77
   15.73
    8.74
    4.11
    2.39
    8.47
   19.25
    3.52
    5.26
   11.67
   11.72
    4.05
    4.20
    9.61
    9.22
   12.62
    8.61
    7.00
   12.08
   12.29
    7.63
   12.12
    5.59
    2.70
    7.92
    6.20
    3.03
    7.05
   11.89
    6.73
   14.43
    8.98
    6.55
    5.04
    9.02
    4.40
    5.67
   10.82
   23.19
   17.20
   14.01
   10.96
   11.60
    6.92
   10.94
    5.60
    2.62
    8.97
    9.61
   11.55
    3.34
    5.43
    4.13
    4.64
    6.80
    5.37
    9.41
    1.30
    9.66
    9.46
    4.66
    7.99
    8.91
    9.93
    7.44
    8.99
   10.48
    4.42
    2.93
    5.24
    5.68
    1.87
    6.20
    3.85
    3.89
   16.88
   17.22
    8.05
    6.01
    7.63
    5.78
    4.42
    7.06
    2.71
   15.11
    2.62
   18.32
    7.65
    7.76
    3.27
   10.00
    5.22
    5.84
    9.85
    9.25
   13.91
    9.48
    7.55
    5.95
    2.96
    2.62
    8.37
   12.80
    5.57
    4.79
   20.18
    4.48
    3.42
    7.24
    6.85
    6.96
    7.15
    2.35
    2.92
    6.46
    4.54
    9.90
   13.28
    9.69
   13.99
   11.38
    3.30
    8.49
    5.24
    2.04
    7.16
    7.62
    8.36
    8.99
   19.35
    5.00
    6.53
    5.58
    4.58
    8.95
    8.51
    7.46
    8.86
    4.14
    3.96
   15.27
    7.11
    5.85
    9.49
    3.74
    1.98
    5.26
    6.23
   15.06
    6.42
    8.29
   12.69
    4.96
    5.50
    6.91
   10.44
    7.16
    6.37
   11.98
    6.18
    3.93
    6.60
   11.09
   12.83
    9.93
    8.45
    7.90
    7.64
   12.05
    7.20
    5.45
    4.13
    8.58
    8.62
    3.61
   16.60
    8.69
    7.17
    5.87
   12.39
    3.30
    9.16
    9.32
   10.15
   12.15
    6.80
    7.16
    3.81
   10.41
    1.60
    7.60
   11.48
   10.66
   11.95
    9.94
    5.60
   10.29
   13.03
    5.69
    8.21
    3.18
    6.36
    3.10
    1.78
    5.84
   10.59
    7.28
    4.78
    3.31
    5.30
    2.69
    8.21
    5.41
    6.05
    5.08
   10.04
    5.87
   10.05
   11.54
   10.95
    8.77
   13.01
   17.47
    8.91
    4.25
    7.83
    6.51
   14.32
   11.14
    1.31
   17.88
   13.00
    7.45
    6.21
    5.48
    8.74
    7.11
    8.36
    7.28
    3.14
    9.62
   17.76
    6.08
    8.49
   11.66
    6.75
    3.65
    5.58
    8.47
    5.03
    2.86
    7.00
   11.37
    9.60
    8.65
    7.83
    4.15
    6.64
    4.70
   10.77
   14.67
   12.36
    6.23
    8.12
   14.48
    4.66
    5.65
   15.54
    6.42
    2.95
   13.36
   11.39
   10.73
    4.87
    6.37
    9.80
    8.46
    7.22
   19.20
    2.64
    8.40
   10.74
    8.07
    1.43
   10.14
   11.74
    9.01
    7.90
    9.89
    2.46
    6.61
    4.93
    9.49
    5.72
    3.56
   15.90
    7.44
    2.62
    9.09
   10.27
    6.35
   12.35
    8.08
    8.76
    9.37
    8.08
    7.57
    9.53
    7.43
   17.13
   12.11
   15.93
    7.64
    7.18
    8.02
    5.92
   12.00
   11.03
    7.50
    9.89
    9.96
   13.03
    3.96
   12.35
    8.43
    5.65
    5.77
    6.90
    6.85
    6.64
    1.23
    9.99
   10.50
    9.70
   13.37
    3.78
    9.00
    3.40
    7.10
   11.95
    6.76
    7.83
    4.78
    4.92
    5.62
    8.06
   12.76
   11.00
    6.91
    9.85
    2.25
    3.53
    6.30
    6.62
    5.66
    2.61
    7.82
   16.81
   19.00
    7.51
   11.64
    8.70
    7.61
    7.75
   10.93
   11.66
   16.10
    4.36
    5.87
    5.30
   10.15
    8.47
   10.73
    8.55
    7.08
   11.00
    3.47
    6.23
    6.73
    5.10
    5.60
    8.01
   17.60
    5.96
   12.19
    5.81
    4.91
    7.74
    1.68
    5.20
    7.28
    8.02
   10.80
   16.82
    4.69
   13.35
    6.37
    4.45
    6.99
   11.88
    9.18
    6.51
   11.29
   11.90
    9.57
    5.54
    6.59
    4.84
    4.80
   11.84
   22.38
    3.45
   10.19
   13.80
    3.67
    2.82
    2.25
   16.18
    8.85
    2.43
   12.43
    1.92
    3.61
    7.27
    3.39
    6.73
    6.94
    6.63
    8.35
    6.41
    7.94
    3.63
    5.88
   10.08
    9.46
    9.79
    7.51
    9.82
   13.16
    9.99
    9.63
    7.30
    4.72
   17.76
    5.51
    7.76
   13.88
    8.90
    9.49
    5.93
   14.89
    8.53
    9.20
    7.12
    3.26
    2.00
   10.01
   10.33
   11.28
   19.95
    8.22
    9.55
    7.24
    8.11
    8.53
    8.91
    5.36
    7.43
   14.83
   12.04
    8.44
    5.49
   20.34
    3.19
    8.71
    9.24
    5.99
    5.48
    4.87
   15.59
   15.83
    5.44
    5.97
    4.60
    3.41
    4.92
    7.66
    7.64
    4.07
    7.88
   10.40
    3.14
   10.12
    5.68
    6.77
    8.08
    9.78
    8.19
   10.59
    4.95
    9.98
   11.42
   21.07
    1.50
   12.48
    7.27
    3.26
   11.55
   10.77
    8.16
   11.73
    8.49
    7.47
    9.94
    6.09
    9.37
   21.84
   11.47
    9.85
    7.96
   10.85
   13.28
    2.18
    7.43
    1.88
    4.64
    7.42
    4.58
   13.92
    6.69
   10.88
    7.82
    5.01
    4.93
    7.15
    8.56
    9.21
    7.22
   10.43
    8.38
    4.32
   11.38
    3.51
   10.33
   12.94
    4.94
   12.95
    8.86
   13.08
   12.48
   19.03
    4.44
    4.32
   10.86
    8.22
    6.98
    4.46
    9.35
   16.02
    6.80
    9.85
   12.02
    9.33
    7.32
    7.19
    9.36
    6.53
    6.62
    3.73
    7.30
    5.35
    5.63
   16.91
    6.68
    5.07
    7.59
    6.78
   11.43
    7.56
    9.50
    9.26
   10.74
    8.04
    8.99
    4.57
    5.89
    2.57
   16.30
    6.00
    9.68
   12.29
   10.67
    4.41
    1.81
    8.67
    4.80
   13.98
    7.35
   15.02
    5.44
    8.66
   10.01
    6.36
    4.33
    6.64
    7.97
   13.35
    5.37
    6.04
   15.06
    4.24
   13.14
   10.26
    8.63
    6.40
    6.76
    5.54
    8.61
    5.87
    9.85
   10.24
    5.29
    7.32
    6.93
   11.70
    9.90
    2.66
    6.99
    6.84
    8.86
   12.99
    7.38
    5.12
    2.74
   12.10
    9.84
    7.56
    6.84
    5.40
    3.50
    8.80
    9.21
   12.67
    4.23
    2.22
    5.85
    5.67
    6.83
    7.92
   11.14
    9.86
    7.95
    6.44
    8.62
    8.04
    6.00
    4.99
    9.32
    8.94
    8.44
    8.55
   10.00
    6.37
    4.64
   11.23
   13.01
    5.19
   10.87
    6.38
    6.95
    6.97
    1.50
    8.56
    5.63
   11.25
    4.10
   11.12
    9.58
    9.52
    2.61
   13.04
    5.68
   10.41
    8.86
    9.40
    5.13
    8.06
   10.74
    6.83
    1.91
   13.36
    3.49
    3.05
    8.44
   10.78
   19.08
   13.77
   11.22
    7.32
   15.57
   18.42
    7.51
    7.52
    1.72
   12.41
    3.97
    7.87
    4.56
    8.45
   12.63
    9.72
    4.96
    3.86
    9.02
   12.83
   14.24
   11.28
    5.68
    6.60
    4.59
   17.25
    9.98
    6.39
   11.55
    8.16
   12.83
    4.45
    7.46
   15.42
    8.72
    3.05
    8.10
   12.35
    5.06
    7.12
    6.00
    6.11
    5.34
   12.91
   15.57
   17.57
    5.17
    7.14
    7.78
    8.30
   13.96
    3.57
    2.21
    2.73
   11.12
    5.95
    9.41
    9.51
    9.14
    8.04
   10.30
   14.44
    6.53
    8.98
    5.45
    7.94
    4.28
    5.32
    7.27
    6.30
    3.80
    8.03
    8.52
    6.83
    4.60
    7.44
    8.35
    4.58
    2.65
    6.39
    7.09
    5.19
    9.16
    6.96
    4.50
    8.18
    5.60
    9.55
    4.12
   12.06
   13.65
    7.37
    4.42
   11.67
    4.28
    7.51
   10.28
    6.18
    5.35
    4.91
    7.16
   11.39
    6.91
    4.82
   11.69
    9.77
   12.17
    4.99
    8.09
   13.00
   13.59
   14.25
    9.11
   14.02
    9.23
    5.25
    6.03
    7.47
    7.41
    6.40
    3.53
    4.89
    5.28
    8.03
   16.07
    4.80
    8.01
   11.40
    8.35
    5.72
    7.14
    9.84
    7.34
   13.60
    8.81
    6.10
    2.20
    4.66
   13.64
   11.51
    9.26
    5.37
   10.49
   13.09
    6.91
    4.17
   14.23
   13.31
    3.68
    7.19
    6.25
   10.87
    7.58
    5.63
    4.84
   12.77
    4.34
   12.96
   11.53
    8.90
    7.84
    9.05
    8.08
   10.71
   13.31
    3.71
    4.50
    6.70
    8.97
    3.32
    5.64
    9.07
    9.45
    4.83
    1.34
    1.88
    2.68
    5.77
    7.02
   13.29
    8.59
    7.91
    9.55
    4.57
    4.17
    3.30
    5.44
    4.64
    4.33
   10.20
    9.94
   11.84
   20.96
    7.82
    5.40
    4.52
   11.18
    3.98
    6.14
   16.62
   11.94
    7.76
    5.17
    2.70
   10.51
    1.79
   18.27
    2.39
   11.12
    8.83
    7.93
   11.84
    6.64
   11.80
   10.37
   10.08
    9.01
    7.83
    8.91
   10.62
   19.62
    9.02
   14.98
    6.53
    4.30
    5.27
    7.32
   15.72
   13.12
    2.37
    9.18
   15.08
    7.03
   15.89
    5.85
    6.13
   13.97
    4.59
    9.38
   14.31
    5.30
    7.29
   14.80
    7.47
    6.64
   19.62
   11.89
   10.50
    3.97
   13.21
    4.49
    8.23
    5.47
   11.53
    5.82
    4.87
    2.25
    5.28
    8.25
    8.62
    2.83
    6.35
    7.04
    5.81
   14.50
    8.58
    6.45
    2.55
    7.01
    9.19
    4.14
   12.88
   12.72
    9.15
    7.48
   10.56
   16.79
    6.89
    3.95
   11.89
    7.39
    5.58
    7.20
   10.65
    5.15
    9.06
    7.69
   11.18
    5.65
   16.71
    8.15
   13.29
    5.64
    8.54
   19.02
    6.80
    6.43
    5.56
    9.38
    5.47
   19.04
    3.26
    9.56
    7.99
   13.32
   12.17
    7.79
    6.86
    5.82
    9.68
    7.42
   13.50
    6.01
   15.75
    6.09
    5.24
    5.88
    5.57
    8.82
    6.86
    2.14
    7.11
   12.37
    4.10
    5.30
    7.05
   15.28
   13.42
    7.01
   10.04
    6.16
   15.03
    6.98
    7.04
    7.02
   19.63
   10.05
    5.64
    4.93
    4.08
   12.33
    5.06
    9.94
   14.26
    1.52
    9.42
    8.00
    9.15
    8.41
    5.58
    8.89
    6.68
    7.61
    3.27
    9.17
   14.07
    1.35
   11.30
    7.56
   10.41
    9.45
   10.51
    6.53
    9.28
   10.77
   18.34
   11.70
    3.55
   11.61
    9.75
   12.92
    4.22
    6.73
   18.03
    6.10
   10.11
    6.90
    6.66
    6.32
   10.61
    4.16
    6.17
    3.18
    5.60
    9.90
    8.50
    7.85
    6.18
    7.11
    8.47
    8.88
    3.70
   10.61
    6.95
    9.20
    7.81
    6.44
   18.98
    8.31
    7.02
    7.55
   10.49
    4.87
    8.18
    5.99
    5.80
    6.80
   10.23
    4.33
    5.60
    3.50
    9.75
   11.08
    9.82
    2.20
    8.77
    7.58
    4.50
    7.28
    4.40
    9.93
   18.73
   18.78
    6.95
   11.17
    5.60
    6.58
    7.08
    9.96
    5.54
    7.55
    7.86
   16.33
    4.98
    8.97
   15.74
   16.83
    5.61
    4.55
    3.60
    4.77
    7.46
   11.76
    9.49
    6.51
    7.55
    9.55
    2.92
   13.40
    7.17
   11.27
    9.06
    2.87
    6.09
    3.67
    9.24
   12.08
    9.43
    7.17
   11.63
   11.99
   15.69
    9.14
    4.28
    8.86
    2.67
    2.34
    4.37
   13.72
    4.60
   15.34
    7.94
    6.51
    7.69
    9.73
    4.56
    5.81
    9.79
   15.00
   10.01
   10.64
    5.60
    6.66
    7.79
    5.10
   12.59
    7.23
   14.10
   11.09
   14.77
    8.26
    5.60
    1.23
    8.17
    3.89
    7.56
    9.49
    7.33
   11.61
    6.99
   13.49
    8.18
    8.75
    2.03
    5.61
    3.83
   14.79
    8.69
    1.45
    7.82
   16.94
    7.63
    8.09
    9.08
    4.57
    4.22
    6.13
    4.70
    8.72
   11.17
    2.58
    5.42
    8.43
   15.43
    7.52
    7.49
    8.91
    8.27
    7.62
    9.41
   12.37
    7.18
    5.53
    8.49
    8.31
    3.90
   16.18
    7.19
    7.40
    9.80
    9.94
    8.97
   11.14
    7.77
    9.70
   15.81
   10.38
   10.07
   14.48
    9.57
    6.72
   11.79
    7.53
    5.24
    3.49
    3.94
    6.30
    9.66
    8.92
    4.56
   12.68
    5.86
   10.78
    5.80
    6.23
    8.44
   11.71
   12.69
   14.96
   14.56
    4.26
    8.24
    5.51
    9.17
    9.89
    3.33
   11.92
    3.44
    3.52
    5.48
    5.90
   13.04
   14.80
    7.23
    5.10
    7.29
    5.37
    7.07
   10.16
    8.85
   21.70
    9.31
    2.86
    6.29
    4.20
   20.22
    3.81
   14.28
    6.75
   16.53
   15.90
    9.15
   10.34
    5.83
    5.50
    3.18
    5.28
    9.45
    7.05
    5.55
    6.63
   12.53
   13.10
    2.54
   15.60
    7.10
    5.80
    5.05
    6.88
    8.82
    6.61
    7.61
   13.15
    9.02
    9.51
   10.53
    8.35
   10.30
    9.62
   15.00
    7.64
   13.19
    6.42
    6.56
    5.86
   10.32
    7.29
    3.80
    9.65
   11.21
    7.83
   12.10
   11.08
    7.31
    4.55
    8.66
    7.84
    6.72
   13.05
    6.67
    2.06
    6.42
    7.98
    9.49
   13.73
    7.48
    7.76
   11.89
    2.96
   11.39
    4.89
   11.03
   10.40
   16.75
    7.24
    6.52
    2.63
    6.93
    4.60
    9.07
    7.44
   13.91
   12.28
    4.85
   10.29
    5.74
    7.64
   15.78
    5.26
    9.39
    6.71
   11.28
   10.21
    7.01
   15.40
    7.06
    5.84
    4.34
    7.33
   10.37
   11.64
    6.67
    8.19
    5.87
   10.32
    8.14
    2.89
    4.84
   13.85
    6.54
   18.22
    3.46
   21.85
    9.01
    6.20
    2.23
   12.73
    7.13
    9.01
    8.63
    7.18
    7.60
   11.51
    4.64
    4.14
    7.06
    5.53
    1.95
   12.25
    9.37
    3.57
    4.01
    8.24
   11.99
    5.04
    3.37
    3.24
   16.90
    6.18
   13.36
    8.61
    6.80
   12.39
    8.90
    4.02
    8.00
    8.67
   11.77
    8.59
    6.24
    5.97
    7.04
   10.12
    4.66
    7.32
    6.94
    9.46
    3.63
   13.23
    7.37
    3.78
    8.93
    4.40
   11.37
   10.68
    2.16
    4.81
    7.25
    3.37
    6.45
    7.18
    3.67
    6.24
    3.58
    5.17
    4.44
    3.92
   14.07
    9.94
    3.33
   13.15
    9.06
    7.16
   13.52
   12.95
    9.18
   14.43
   13.74
    9.00
   17.77
   11.94
    4.60
    8.32
    9.51
    6.20
    8.26
   11.26
    2.39
    6.48
   10.49
   17.49
    7.42
    9.63
    7.26
    7.26
    8.58
    7.83
    5.78
    4.43
   10.06
   11.56
    8.42
    2.77
   10.73
    7.51
    5.82
    6.30
   13.79
    3.95
    6.02
    6.20
   13.53
    7.74
    9.04
   10.18
    5.34
    2.07
    6.38
   12.52
    9.14
    7.14
    6.20
    6.79
    9.14
   11.45
    6.60
   16.43
    8.91
    7.47
    8.75
    2.25
   16.08
    7.21
    2.85
   18.52
   11.23
   16.96
    3.78
    8.63
    8.36
   11.14
    3.88
    6.25
    8.63
    7.55
    7.35
   11.69
    4.59
   13.66
   16.50
    7.84
    4.97
    3.55
    7.04
    8.12
    6.21
    9.65
    3.58
    9.00
    2.03
    7.90
    9.69
    7.88
   12.77
   10.92
    1.31
    9.21
    7.39
    8.64
    5.15
    6.10
    9.70
    5.83
    7.49
    8.38
   12.51
    4.97
   12.83
   13.86
    6.44
    7.21
    7.61
   16.13
    7.43
   15.88
   12.36
    3.81
    2.37
   12.80
    4.56
    4.91
    2.84
    8.02
    7.78
    6.48
    5.04
    5.98
    3.47
    7.93
    8.70
    7.24
    7.53
    4.72
   15.30
    7.16
    5.90
    6.38
    9.85
    6.23
    7.96
    6.97
    5.69
   12.84
    8.62
    6.81
    7.27
   11.40
   17.65
    7.83
   20.08
   13.20
   25.14
    8.64
    4.38
   12.53
    8.87
    5.12
    7.71
   10.41
    6.46
    7.34
    7.26
   11.78
    7.01
    9.28
   11.08
   13.66
   11.51
   15.26
    5.13
    6.18
    5.52
   19.31
   18.82
    9.10
    7.96
   19.23
    8.07
    8.58
    9.03
    9.54
    5.12
    8.13
    5.33
    8.66
    5.52
    5.71
    8.88
    6.30
    8.03
    9.80
   12.68
   12.37
    3.08
    9.25
   12.88
    7.22
    6.12
   11.39
    7.39
    4.42
   23.22
    8.27
   14.67
    2.82
    4.99
    5.42
    6.24
    7.80
   10.90
    1.30
   10.65
    8.53
    1.03
   11.59
   15.26
    7.72
    2.30
   17.81
   10.33
    5.24
    7.74
    5.94
    4.38
    4.39
    7.09
    6.05
    8.30
   14.69
    7.77
    6.74
    4.63
    9.26
    4.70
    8.73
    4.37
    9.62
    5.77
   11.11
    4.96
    6.81
   12.39
    7.86
    5.82
    5.17
    9.96
    9.08
    9.20
    7.19
    6.75
   10.00
    5.78
   14.66
    6.91
    4.83
    3.96
    2.49
    8.20
    9.49
    8.14
   12.59
    8.23
   11.05
   11.93
   11.61
    6.23
    3.25
   12.30
    2.69
    5.87
    6.09
    8.00
    4.39
   10.57
   12.62
    6.65
   10.15
    7.21
    4.59
    8.24
    7.17
    7.66
    7.21
    5.88
    9.26
   11.32
    8.95
    4.82
   15.03
    8.64
    9.28
   18.21
    6.70
    5.21
    5.12
    7.65
   10.63
   19.44
    5.45
    6.07
    6.35
    9.81
    3.83
    5.42
    8.04
   16.83
    5.61
   12.45
   11.91
    4.83
    6.02
    6.47
    7.47
    4.66
    5.34
   10.14
    6.83
    5.81
    5.62
   10.72
   16.71
   13.38
   12.45
    6.45
    8.02
    7.37
    2.17
    6.39
    9.92
    7.83
    2.11
    6.87
    2.54
    5.74
    8.18
    6.63
    8.62
    5.58
    6.57
    8.07
    3.40
    8.85
    2.58
    2.40
    3.61
   17.39
    7.95
    8.76
   13.70
   10.60
    6.86
    8.99
    7.61
   10.96
    4.41
    8.22
    6.50
    4.85
    7.74
    5.08
    1.93
    3.47
    9.06
    4.05
    8.42
    7.29
    8.44
    7.39
    9.51
   13.61
   10.77
    9.16
    7.08
   20.75
    7.31
   14.98
    8.52
    7.17
    9.09
   12.20
   12.06
    9.31
   11.55
   10.44
    7.93
    8.38
    6.10
    7.95
    6.31
    7.96
    8.73
    5.49
    8.28
    7.62
    3.64
    3.53
    8.04
    8.24
    8.95
    2.68
    6.66
   10.87
   11.20
    6.18
   20.67
    6.39
   13.11
    6.17
    8.90
    6.23
    3.71
    7.16
    1.42
    5.52
    6.69
   11.69
    8.47
    5.89
   13.52
    6.71
   13.33
    6.94
    9.71
    7.32
    7.48
    6.85
    6.47
    9.19
    5.84
   13.34
    3.63
   11.47
   10.56
    4.82
    4.03
    9.82
   12.07
    6.69
   10.19
    4.70
   13.21
    4.92
    7.84
   15.05
    4.65
    3.50
   17.52
    4.92
    7.28
    3.85
   11.12
   13.29
    1.62
   11.74
   18.69
    5.74
    9.51
    5.98
    2.74
    3.12
    5.86
    2.17
    1.50
    4.80
   10.16
    3.18
    5.84
    8.53
    5.44
    3.95
    4.23
    7.12
   14.80
    6.62
    1.78
    5.34
   11.56
   10.31
   11.09
   19.14
    3.39
    6.15
    7.83
    6.52
   11.13
    8.65
    6.05
   10.65
    9.29
    7.86
    6.59
    2.43
    5.47
   10.65
   12.82
    5.30
    8.81
   10.91
    2.52
    3.17
    4.55
    7.65
    7.29
    5.86
    6.44
   15.31
    9.66
    2.35
    6.85
    9.78
    3.91
    5.34
    7.54
    8.15
    6.01
    6.01
    7.49
    4.68
    3.35
    5.31
    5.46
    9.36
   14.10
    2.48
    4.49
    9.14
   11.11
    8.64
    6.87
   11.93
    4.55
    4.67
    2.55
   11.69
    4.42
    4.97
   19.51
   13.52
    3.35
   11.43
   24.31
    9.21
    8.87
    4.39
    5.83
    6.77
    3.38
   11.34
   10.19
   17.72
    8.63
   10.61
    5.81
    7.25
   14.88
    3.12
    5.56
    9.45
    5.52
    3.91
    5.33
    1.98
   14.96
    5.35
    9.77
    7.50
   19.60
    5.21
    6.94
    7.22
    5.24
    9.97
    9.61
    3.89
    6.86
    8.86
    8.86
    6.18
    6.17
   11.01
    8.65
   16.02
   11.28
   10.02
   10.91
   14.97
    6.57
    5.76
    6.14
    6.70
    8.41
    5.60
    4.42
    2.75
    5.01
   12.51
    1.75
    3.09
    5.93
    4.78
    3.48
    4.70
    9.64
    9.59
   12.55
    4.43
    7.49
   11.71
    7.45
    8.07
   11.23
    7.94
    4.28
   19.79
   11.98
    4.15
    1.62
    7.01
   11.16
   12.37
    9.41
    7.40
   25.49
    7.28
    6.16
   10.62
    7.87
   11.74
    3.00
   11.44
   10.13
   17.02
    5.90
    9.88
    6.01
    7.93
    9.28
    7.31
    5.49
    8.92
    4.50
    5.33
    6.23
   18.03
    2.86
    5.20
    8.20
    5.66
    6.40
    6.00
    9.81
    5.87
    3.80
    8.48
    9.41
    6.09
    3.19
    9.17
    7.48
    8.28
    4.79
    5.50
    2.07
    3.24
    9.91
    8.05
   11.68
   14.89
    7.32
   20.72
   10.13
    7.62
    1.24
    7.35
    7.08
   11.13
    6.60
    5.22
   10.71
    5.87
    4.09
    8.41
   12.53
    3.50
    5.81
    8.42
   10.93
    6.53
    6.70
   18.74
   10.02
    5.70
    5.88
    5.37
    7.82
    8.16
    7.60
    6.43
    3.77
   10.75
    7.25
   12.68
    5.67
    9.78
   12.03
    3.91
    5.52
   15.13
    4.69
    8.64
    7.01
    1.37
    9.41
    8.01
    9.04
    7.06
    9.27
    4.14
    3.32
   13.50
   10.61
    2.59
   15.89
    9.24
    7.70
   12.70
   18.45
    2.63
    5.21
    7.20
    7.30
    7.85
   11.48
   10.97
    7.99
    2.79
    7.39
   14.54
    8.30
    4.77
    4.61
   11.08
    6.44
    9.43
    4.51
    7.79
   13.60
    8.00
    7.33
    6.65
   12.90
   10.08
   10.06
    3.52
    2.74
    9.23
    8.20
    1.88
    4.91
    8.59
   11.47
   15.99
    7.28
    4.15
    8.52
    8.94
    1.13
    9.67
   11.02
    7.55
   15.00
    6.05
   10.83
   11.36
    8.91
    2.51
    7.01
    9.77
    4.97
    6.35
    5.55
    5.72
    2.98
    5.01
   11.68
   10.76
    5.79
    5.86
    4.92
   12.72
   10.11
    8.52
    9.13
   13.06
    4.58
   19.44
   18.30
    6.03
    5.20
    9.00
    4.56
    3.35
   10.93
   12.24
    4.27
    7.90
    6.86
    4.32
   13.38
    2.66
    8.63
    4.29
   12.94
    8.18
    9.95
    5.21
    7.32
   12.34
    6.59
    7.83
   15.85
    4.16
    3.60
    8.07
    8.93
   15.38
    8.49
    7.95
   13.48
   12.26
    4.67
   11.54
    3.36
    9.65
    9.24
    4.13
    9.05
    9.36
   11.28
    6.50
    8.00
    4.83
    5.76
    7.46
    6.91
    7.15
   11.80
    9.31
    7.41
   11.68
    8.20
    5.99
    9.69
    5.20
    9.17
   17.95
    7.19
    6.04
    8.86
    6.99
    7.72
    8.96
    6.72
    7.50
    7.97
    7.27
    8.58
   10.33
    7.98
   10.01
    6.95
    4.36
    6.47
    9.16
   12.58
    4.77
    3.67
    4.45
   16.83
   10.11
    8.93
    7.55
    8.11
    8.33
    2.52
    4.16
   10.85
    9.67
    5.88
   14.78
    6.22
    1.90
   12.93
   11.39
    4.49
    6.22
    7.74
   15.79
    8.61
    9.29
    5.34
    7.57
    3.99
    6.83
    8.53
    6.53
    6.19
    6.63
    8.09
   13.55
    8.85
   12.24
    9.27
    6.66
   10.88
    7.62
    6.05
   10.73
   10.12
    5.80
    7.80
    9.70
    3.93
    6.47
   12.79
    6.12
   12.58
    6.29
   11.23
    3.86
    7.29
    7.59
   10.97
   11.36
    8.87
    7.09
   11.86
   13.26
    6.16
    8.50
    3.67
    5.59
    7.25
   14.77
    5.70
    5.09
    3.35
    6.33
   15.79
    3.18
    3.11
    7.88
    8.26
    4.78
    7.56
    9.42
    7.41
   12.79
    6.70
    5.93
   12.35
    6.82
   10.71
    7.55
    9.09
    9.68
    3.33
    4.35
   10.18
    8.54
    3.49
    8.47
   16.79
    3.83
    4.99
    9.33
   10.32
    8.79
    8.50
    5.85
    2.09
    4.16
    8.50
   16.53
    9.73
   11.14
    3.70
    9.38
   10.32
   17.41
    3.56
   14.39
    8.97
    6.31
    6.08
   11.07
    7.08
    4.55
   10.18
    7.75
   15.27
    1.75
   10.17
    4.35
   12.97
   10.04
   11.18
    9.20
    7.15
    9.38
    8.47
    3.67
    4.52
    6.53
    5.59
    6.98
    4.41
   14.26
    6.85
   12.52
   12.88
    5.08
    6.13
    6.04
   11.18
    2.50
    3.63
    6.17
   17.14
    9.31
    9.60
    4.46
   11.57
    8.84
    3.20
    3.32
    2.77
    8.60
    8.97
    7.47
   11.62
    6.88
    3.18
   13.37
    5.89
    1.33
    2.67
    8.14
    9.42
   10.33
   11.94
   12.61
   11.60
    6.58
    5.41
   11.47
   10.21
    6.81
    4.57
   12.35
    9.89
    3.09
   15.95
    6.28
    8.09
    3.27
    5.57
    5.75
    4.08
    9.95
   19.12
    4.13
   17.31
   14.90
    4.18
   18.53
    5.91
    8.32
    6.26
   12.34
   14.01
   12.01
   14.21
    5.18
    2.52
    5.44
    7.49
    5.56
    7.10
    8.32
    8.56
    4.13
    9.39
    9.93
    7.91
    9.05
   11.78
    3.90
   16.50
    9.94
    6.56
    4.52
    4.87
    9.88
    8.43
   10.94
    6.62
   10.22
   11.98
    3.73
    2.94
    2.91
    7.51
    4.65
   12.35
    7.59
   15.93
   11.10
   12.08
   13.66
   12.31
    6.67
    7.15
    6.07
    4.45
    7.19
    6.32
    8.37
   13.60
   11.86
    9.74
    3.44
   11.01
    8.37
   11.93
   14.37
    9.43
    5.59
    7.90
   10.31
    6.50
    9.05
   12.65
    3.91
    3.81
   11.80
   11.60
    6.41
    6.66
    3.95
    6.91
   12.95
   10.09
    7.91
    1.58
    3.87
    9.54
   10.72
    9.36
    3.37
    3.04
    7.11
   12.08
   14.35
   10.91
    3.46
   13.22
   11.79
    5.81
    6.45
    8.04
   17.62
    8.61
    6.93
    9.32
    3.41
    8.47
   10.36
    7.43
    1.15
    8.00
    5.83
    6.03
    4.57
   17.57
    8.75
    5.93
    4.25
   12.30
    9.46
    5.36
    8.32
    3.96
   19.90
    6.62
   12.24
    4.90
   11.10
    9.15
   11.74
    8.96
    5.87
    6.99
    4.60
    8.08
    5.13
    9.64
    7.88
    5.66
    7.36
    6.96
    9.44
    5.14
    5.27
    8.52
    7.79
    5.94
    5.80
    9.24
    7.45
    8.32
   10.50
    5.49
    7.52
    8.24
    7.26
    4.29
   17.10
    4.43
    5.06
    7.49
    7.26
    6.80
    9.01
   16.53
    6.11
    6.28
   10.68
   19.67
   12.47
   17.98
    8.05
    3.47
    6.62
   14.78
    6.21
    7.46
    6.99
   10.36
    6.48
    9.06
    4.50
    5.84
    4.57
    5.80
    8.28
    8.44
   12.49
    5.50
   10.83
   10.61
    4.42
    4.40
    9.48
    7.32
   10.72
    7.60
    8.12
    9.46
    9.15
   15.03
    7.67
    3.43
    4.71
    9.29
   10.55
   10.12
   10.07
    5.43
    4.24
    4.81
    5.04
    2.78
    2.43
    3.99
    4.33
    8.65
   13.76
    8.21
    2.16
   10.07
    3.53
    3.90
    9.94
    8.61
    5.36
   10.39
    9.15
    7.52
   10.06
    9.77
    7.04
    5.30
    6.30
    8.34
    6.03
    8.71
   11.71
   14.41
    4.82
    7.87
   15.43
   28.05
   13.81
    5.66
    7.60
    5.40
    4.89
    6.61
    5.82
    5.48
   12.23
    8.09
    5.30
    4.77
   18.50
    6.59
    6.56
   22.44
    6.97
    7.58
    7.83
    5.21
    6.75
    4.50
    5.65
    2.99
   11.46
    5.63
    6.48
    4.86
    7.51
   10.33
    4.70
    5.65
   12.88
    5.26
   10.19
   11.97
    1.90
    1.78
    5.04
   11.29
    8.41
    8.65
    4.48
   16.46
    1.81
    6.70
    8.51
    6.24
    6.95
   11.22
    6.10
   10.03
    5.75
    3.24
    7.97
    9.25
    9.74
   16.86
    9.39
   11.10
    8.94
    9.35
   15.24
    7.73
   15.43
    7.44
    9.51
    6.73
    8.34
    5.98
    6.59
    6.32
    2.81
    9.70
    8.41
   11.36
    8.35
    3.49
    8.64
    8.94
    5.11
   10.24
    5.40
    3.88
    7.74
    9.58
    3.23
    6.10
   14.01
   13.20
   12.95
    5.06
   10.16
    7.98
    6.68
    5.48
    5.31
    2.15
   11.45
   10.67
    6.40
   19.91
    9.33
    6.39
    9.83
    6.16
    3.43
    9.89
   10.50
    9.89
    8.58
    8.42
    8.99
    7.61
   14.47
   13.78
    3.63
    8.79
   10.52
    7.02
    5.73
    9.91
    4.02
   10.53
    4.91
   14.70
    9.07
    1.92
   13.07
    8.53
    7.17
   14.18
    3.47
    7.37
    3.15
    3.94
    5.73
    4.76
    7.25
    7.59
    5.59
    3.42
   15.00
   10.30
   10.71
   12.88
   11.39
   12.33
    4.86
    9.60
    4.44
    9.77
    3.17
    6.81
   12.11
   17.21
    5.17
    9.10
    7.89
    9.19
   13.30
   11.20
   10.47
    5.89
    7.98
    4.10
    6.50
    5.39
   15.10
    9.99
    9.90
    2.69
   12.30
    3.57
    3.89
    3.33
    7.46
    4.99
    5.57
    9.82
    7.16
   11.66
    4.30
    4.12
    2.94
    6.08
   12.27
    3.01
    9.70
    8.30
    7.59
    3.73
    3.57
   12.92
   12.22
    7.36
    8.24
    2.17
    8.01
    6.25
   11.23
    7.74
    7.54
    9.84
    5.24
   10.91
    4.48
    8.77
   14.47
    5.96
    6.36
    4.38
    6.18
    8.08
   11.21
    3.97
    3.21
    5.56
    9.24
    9.36
    9.70
    5.22
   15.91
    6.23
    5.03
    2.12
    7.37
    6.63
    8.82
    4.12
   13.75
    6.52
    2.55
    5.77
    3.84
    3.72
   14.75
   17.96
   14.78
    6.03
    6.63
    7.01
   10.78
    9.35
    5.41
    4.48
   10.14
   10.46
    5.54
    9.68
    2.24
    8.97
    5.75
    6.47
    7.66
    6.62
    4.63
    4.21
   19.42
   13.02
   12.47
   21.98
   12.33
   15.15
    3.43
    6.83
   13.12
   11.46
    6.70
    4.68
    5.43
   13.23
    6.89
    3.22
    7.35
    4.33
    9.42
    7.18
    2.94
    5.15
   10.12
   17.80
    6.68
    3.58
    5.37
    4.45
    7.44
   11.82
    7.37
    3.70
    7.00
    9.61
   11.22
    3.02
    3.71
    3.85
   10.12
    7.57
    3.08
   10.47
    6.26
    4.03
   13.44
    8.49
    0.93
    7.83
    8.09
    6.03
   12.60
   10.43
    5.83
   13.42
   10.64
   11.40
    3.38
    8.06
    8.53
    9.34
    5.66
    6.77
    3.09
   10.11
    5.92
   10.15
    9.94
    5.72
   10.83
    8.81
   11.61
    6.88
   15.23
    5.43
    3.32
    5.43
    5.63
   10.60
    3.19
    9.30
    7.29
    4.95
    8.68
   11.09
    1.46
    9.40
    9.19
   10.12
    7.99
    9.51
    8.89
    4.54
   11.05
    9.39
   10.32
    4.24
   11.80
    1.02
    6.55
    8.07
    9.08
    8.76
    3.41
   10.37
    9.66
   10.93
    5.50
    5.40
    6.83
   11.76
    2.86
    7.31
   10.85
    7.47
    6.28
   10.31
    5.90
    4.49
   12.63
    4.42
    5.39
   16.60
    3.66
    7.12
    4.01
    9.27
    6.84
    8.45
    8.70
    5.97
   12.59
    4.85
   14.26
    5.94
    9.61
   11.65
    8.16
   11.05
    7.14
    5.95
    6.43
    9.49
    6.29
   12.76
   14.45
   12.63
    4.19
    4.81
    8.00
    6.59
   13.03
    6.41
   12.60
    7.18
    1.76
   18.24
    4.68
    5.20
    6.63
    6.88
    8.63
    9.95
    6.78
   14.98
    5.58
    7.27
    7.11
    5.30
    5.49
    9.71
   15.27
    4.84
    7.13
    2.27
   14.90
    8.58
    8.05
    1.41
   11.78
    7.53
    8.43
    6.48
    4.39
   11.90
   14.88
    3.38
    8.66
   24.46
    4.42
   15.72
   13.64
    6.71
    5.19
    7.31
    5.15
    3.67
   10.54
    8.64
    7.87
   10.72
   10.45
    5.59
   10.53
    9.59
   16.66
    6.56
    9.26
    9.51
    9.16
    5.45
    3.62
   25.16
    9.92
    2.72
   11.31
    6.85
    8.73
    7.02
   16.80
   14.63
    6.12
    8.15
    6.39
    3.84
   21.62
    4.18
   12.67
   18.15
    8.32
   17.81
    6.77
    6.42
   12.58
    5.82
    7.97
   14.03
    1.33
    7.92
    6.31
    5.86
    2.76
   10.39
   12.89
    8.62
    1.49
    7.94
    8.86
    3.64
   12.07
   18.36
   10.55
    2.43
    3.02
   16.60
   10.51
   11.99
   15.89
    9.23
    9.63
    7.08
    3.13
    5.21
   11.08
    3.38
    2.81
    4.93
    6.92
   11.85
    7.91
    8.24
    9.74
    4.64
    3.64
    5.22
    7.60
    8.94
    7.10
    6.42
    5.71
   12.08
   10.91
    6.03
   10.21
    5.93
    4.51
    3.49
    9.43
    4.96
    9.54
    7.02
   14.84
    9.57
    7.37
    4.79
    6.42
    6.22
    2.22
    5.93
   12.63
    5.49
    8.78
    2.22
   10.13
    7.31
    7.60
    5.34
    2.52
    3.71
    6.82
    4.33
    4.27
    4.71
    6.40
    6.68
    7.56
   16.64
   13.26
    1.47
    6.37
    7.14
    9.25
    7.03
    8.15
   10.32
   10.14
    5.75
   14.56
    5.71
    6.39
    5.02
    3.49
   11.00
   10.26
   11.59
   12.05
    7.26
    7.44
    7.55
    7.69
    3.06
    7.16
    9.75
   13.97
   13.50
    7.61
    9.26
    6.73
    5.98
    5.13
    8.26
    3.36
    9.68
    4.41
    7.98
    6.16
    9.81
   10.79
    2.33
    5.59
   10.49
    9.37
   11.98
    9.73
   11.08
    5.84
    8.70
   10.61
    5.69
    6.22
   11.07
    9.84
    3.74
    5.28
   17.88
    5.75
    6.81
   11.93
    4.43
    4.86
    5.95
   12.12
    6.77
    8.93
    7.65
   16.95
