  234.33
  281.33
  322.16
  270.44
  270.58
  174.53
  357.23
  131.83
   20.12
    6.86
  154.10
   78.18
  320.40
  209.02
  198.88
  134.80
  319.76
  125.84
  267.87
  184.00
  303.41
   72.64
  160.29
    7.48
  171.74
  277.80
   99.36
  346.46
   26.79
  354.14
  255.07
   19.02
   56.59
  238.15
  292.06
  105.43
  125.67
   47.07
  300.05
  153.79
  285.51
  318.84
  301.46
   46.27
  132.64
  225.67
  302.76
  276.17
   24.12
  309.26
  265.48
  168.00
  328.06
   86.61
  340.97
  353.95
   46.68
  324.66
  125.26
    6.58
  190.56
  220.97
  133.94
  325.32
   74.75
   52.97
  173.04
  240.17
  292.35
  315.36
   69.11
  131.91
  198.39
  151.23
  319.75
    5.12
  307.06
  333.66
  330.88
  277.61
  176.24
  302.71
  124.62
  131.53
  295.49
  250.77
   92.36
  289.45
  204.40
  125.79
   38.90
  275.68
   85.23
   87.15
  187.26
  170.92
  170.68
  155.34
   47.13
  311.88
   24.16
  197.78
  116.95
  150.57
  139.36
  163.86
  296.77
   53.48
  134.36
  310.79
  330.61
  131.59
  155.22
  274.33
  106.14
  255.49
  303.99
   96.64
  270.00
   70.69
  157.08
   34.50
  356.56
   90.91
  347.88
  302.33
  285.84
    7.86
   64.98
  284.32
  357.42
  138.58
   91.10
  281.62
  171.39
  278.09
  172.50
  105.88
  198.00
  352.02
   22.96
  171.06
  127.05
   22.63
  133.08
  136.48
  123.00
  191.88
  126.06
  130.42
  209.11
  100.82
  243.49
  263.76
  346.09
  110.91
   98.82
   97.72
  136.39
  268.79
  278.12
   95.79
  253.63
  169.24
   96.74
  177.92
  302.43
  284.25
   21.70
  175.74
  211.38
  184.58
   38.50
  299.24
   44.00
   97.18
  358.16
  307.55
  152.38
  251.52
  159.46
   65.46
  304.11
  185.55
  149.76
  147.61
  173.10
  177.73
  115.91
  208.22
  150.27
  132.65
  279.97
  292.56
  234.70
  287.83
  346.32
   33.61
  157.10
  130.77
  294.54
  139.41
  115.07
  325.93
  305.49
  208.54
   29.85
  138.87
  100.52
  125.14
  102.10
  241.41
  102.31
  239.70
  355.93
  284.57
   79.55
  301.16
  343.54
  114.19
  109.61
    6.55
  121.40
  293.27
  317.18
  102.61
  288.07
   64.68
    9.95
  263.00
  148.85
  314.59
   65.90
  227.10
   96.04
  111.38
  114.93
   24.17
  148.68
   93.54
   54.87
  226.50
  112.82
  298.50
  167.58
  290.44
  134.18
  302.38
  287.00
  134.24
  266.79
   24.30
  328.10
  154.13
   26.87
  110.95
   92.69
  303.81
  348.13
  323.03
  290.38
   88.57
  264.21
   56.54
  328.15
  355.83
  346.04
  105.09
  147.79
  307.00
  351.39
  124.79
  201.57
  348.93
  281.81
   55.00
  353.68
  343.45
  328.07
  122.58
  149.90
  223.30
  296.02
  334.39
  110.84
  279.49
  115.22
  150.03
  287.45
  138.21
  290.04
  330.54
  149.91
   88.41
  281.58
  293.21
  132.46
   97.79
  120.68
  270.66
  138.35
  296.78
   18.97
  154.54
  329.67
  198.07
  148.56
  160.03
  127.26
  121.46
  346.55
  130.06
  270.83
  203.84
  259.90
  161.74
  129.90
  180.71
  158.25
  100.90
   38.03
   96.01
  274.72
  242.23
   12.12
   28.40
   57.80
  352.83
  105.72
    4.43
  264.55
  338.96
  247.12
  338.40
  113.18
  107.31
  145.85
   69.60
   56.14
  293.47
  189.03
  339.32
  199.05
  150.53
  297.02
  159.87
  209.48
  246.14
  349.60
  311.91
   73.24
  161.84
  290.19
  266.65
  295.77
  199.99
  336.58
  134.07
   16.68
  332.87
   95.90
   61.10
  350.98
  295.42
   95.70
  147.15
  163.95
  333.66
  198.79
  328.45
  155.91
  155.69
  150.20
  136.98
  248.61
  200.78
  327.80
  326.07
   25.46
  341.93
  330.36
  161.00
  154.25
  318.63
  140.69
  272.13
  146.09
  194.74
   23.74
   53.80
  230.58
  291.25
   45.33
   29.16
  313.95
  123.78
  351.97
  273.72
  306.01
  302.25
  271.96
  145.79
  274.14
   19.64
   73.12
  295.01
  142.19
  321.86
  342.37
  152.57
  300.25
   17.20
  139.73
  341.94
    5.04
  125.02
  283.49
  316.90
  106.78
   90.29
  177.14
   60.33
   23.12
  290.67
  310.73
   68.54
   19.26
   89.74
    4.49
  281.78
  299.60
  188.82
  152.19
  162.56
  298.92
  171.15
  191.97
  236.15
  168.92
  337.32
    7.68
  326.18
   23.57
  310.19
  324.27
  293.93
   47.01
  154.76
  190.99
   75.82
  289.33
  197.94
   60.86
  325.36
  173.83
  192.72
  208.47
   94.85
  144.03
  146.84
  242.54
   83.75
  104.12
  221.39
  183.61
   66.51
  133.30
  331.19
  126.47
  285.83
  256.05
  107.31
   79.05
   59.92
  203.06
  152.52
   48.19
  106.52
   77.47
   21.89
  172.35
  130.73
  295.78
  154.61
   95.87
  263.14
   65.14
   61.54
  313.82
   91.49
  344.29
  322.99
  192.59
  295.54
  311.45
   99.32
  149.81
  166.62
  125.30
  120.65
  151.33
  286.37
  254.49
   28.42
  278.92
  256.43
  209.39
  198.09
  106.00
  150.02
  335.77
  337.50
   98.17
  251.90
  304.27
  208.43
  164.23
  321.44
   88.97
  114.19
  271.67
   86.32
  124.77
  345.81
  124.29
   15.64
  282.39
  118.93
  348.57
  311.05
  278.21
  229.86
   27.17
   14.53
   82.73
  150.44
  195.06
   80.55
  314.56
  140.53
   40.49
  103.80
  355.23
  299.53
   14.32
  103.25
  289.72
  310.92
  136.20
  139.56
  281.02
  190.08
  322.78
  130.76
  330.15
  256.40
  150.58
  330.86
  172.68
   64.21
  325.03
    6.78
  124.06
  294.22
  186.64
  301.97
  342.22
  213.69
   74.78
   35.29
  114.62
  290.33
  109.50
  304.86
  215.70
  355.10
  127.68
  191.73
  335.37
  348.75
  295.09
   11.56
  206.93
   20.07
  286.47
  275.73
    6.61
  306.81
  297.83
  188.76
  123.19
   45.16
  321.06
  267.94
   36.00
   85.75
   83.51
  316.31
  185.89
   91.07
   36.64
   29.91
  233.16
  270.13
  182.29
  111.90
  127.70
   33.91
  250.13
  154.71
   62.22
    4.63
  153.73
  111.59
  179.78
  247.99
  132.69
  312.48
  302.80
  155.72
   24.12
   79.80
  159.62
  344.90
  149.26
  290.11
   13.19
   20.66
   82.77
  100.62
  101.53
  278.21
   56.12
   35.24
  277.00
  288.57
  145.09
   71.98
  106.49
  302.55
  319.38
  192.54
  132.33
  264.51
  275.51
   23.42
   51.00
  131.10
   24.72
  289.26
  160.36
  129.26
  267.32
  280.99
  182.79
   48.01
  316.45
  342.67
  130.66
  219.96
  246.53
    5.85
  326.48
  350.70
  284.78
  304.92
   34.10
  143.29
  170.01
   92.90
  145.99
  313.37
  151.27
  140.90
  317.08
  313.82
  261.76
   64.90
  217.40
  293.89
  257.69
  331.47
  152.98
  160.77
  100.64
  271.54
  120.03
  240.44
   64.60
   79.67
  300.48
   52.31
  152.00
  124.28
  299.43
  310.73
  333.55
  319.33
   94.81
  357.14
    2.97
  171.26
  213.19
   85.23
  270.25
  310.42
  200.23
  140.31
  207.13
  125.42
  316.60
  261.29
  265.69
   86.32
  215.69
  337.43
  338.44
  208.80
   15.57
  332.77
  257.56
  128.53
  224.79
  261.79
  168.66
  158.79
  359.09
   55.22
  331.13
   77.25
  309.82
  138.67
  306.24
  283.21
  321.96
  269.69
  104.60
  312.60
  312.69
  308.04
  194.43
  295.27
  339.90
  300.33
  113.75
   96.58
  284.41
   97.20
   24.88
  137.59
   15.03
  221.65
  275.44
  337.57
  315.51
   78.17
  349.06
  215.91
   84.23
  100.79
  177.16
   50.88
  100.89
  177.16
   20.60
  326.12
  325.06
   60.38
  180.47
  272.37
  132.24
  160.04
   56.79
  302.73
  294.33
  284.68
  187.74
  297.14
  295.79
  318.85
  322.64
  177.34
   31.70
  155.73
  156.88
  272.18
  102.46
  167.49
  321.35
  332.69
  202.59
  291.77
   14.91
   57.34
  116.98
  282.84
  297.11
  297.67
  204.44
  308.27
  101.60
   15.82
  286.96
   32.23
   59.23
  252.25
   37.51
  316.83
   94.47
  308.55
   68.46
  207.86
  292.39
   64.93
  167.33
  249.87
  255.29
   24.92
  327.10
  204.19
  150.14
  284.77
  182.91
  100.79
  322.09
  328.30
  114.30
  306.41
  335.03
  301.46
  185.08
  149.36
  120.32
  125.99
   86.84
  142.81
  316.66
  338.55
  351.36
  213.12
  215.51
  305.43
  313.84
  154.10
    4.21
  184.02
   58.69
    8.16
  272.79
  186.39
  113.54
  299.91
   74.98
  162.82
  343.55
  301.84
   91.96
  167.61
  165.71
   37.57
   90.98
   13.19
  154.28
  116.20
  161.92
    9.82
  235.00
  124.36
  164.18
   83.12
  122.68
  344.45
  350.72
  154.48
   67.97
  291.71
  255.57
  281.76
  129.77
   46.73
  204.74
  323.27
  308.90
  131.37
   48.41
  177.15
  221.98
   31.47
   33.51
  282.26
   23.25
  125.86
  193.32
  294.28
  345.81
  314.15
   77.26
  146.19
  138.75
  266.91
   22.11
  190.86
  247.81
   97.45
  128.87
  202.48
  352.62
   55.79
  145.97
  149.51
  124.45
  123.39
  133.06
  153.25
  330.30
  142.66
   90.81
  286.69
  135.13
   24.31
  133.13
  170.59
  197.34
  177.75
  304.89
   82.31
  160.73
  116.56
  321.80
  298.37
  252.92
  125.31
  359.96
  345.02
  124.33
  270.55
  146.76
   96.71
  227.93
  128.51
  282.62
  101.98
  164.88
  153.11
  102.63
   72.79
  124.12
  165.15
  122.16
   15.30
  300.93
  151.82
  184.40
  216.97
  135.24
   84.21
  268.06
  317.65
  178.85
  281.70
  229.22
  316.90
  288.10
  343.62
  162.90
  157.89
  183.45
  173.05
  338.69
  326.54
  328.48
  224.15
   62.91
  344.30
    0.68
  356.45
  318.30
   69.17
  345.89
  311.69
  133.66
   16.01
  129.56
  132.14
  298.01
   86.85
  155.42
   89.11
  326.38
  220.57
  140.09
   86.63
  155.68
  299.30
  130.43
  125.88
  346.17
  242.89
  315.21
  162.14
   64.81
  167.01
   71.66
  285.51
  121.24
  203.02
  324.91
   37.81
  117.02
  191.43
  167.00
  225.32
   36.01
   34.62
   76.53
  193.93
  326.35
  106.23
   74.06
  197.88
  169.05
  122.78
  313.48
   37.10
  332.90
   40.11
  170.64
  185.02
  318.62
  131.12
   92.04
  328.50
  109.26
   82.87
   15.21
  122.70
  318.32
  124.39
  139.99
   82.03
  140.98
  278.46
  357.02
  305.75
  309.51
   44.78
  110.94
  240.31
  120.05
  197.70
  304.55
  334.90
  356.72
  190.92
  106.16
  222.38
  315.27
   44.55
  152.36
  129.64
  170.69
  312.90
   99.65
  209.27
  138.48
    0.89
  329.29
   65.32
  333.05
  210.80
  280.23
  330.72
  147.21
   71.18
    5.40
  129.31
  172.29
  313.59
  263.66
   13.19
  152.64
  230.73
   56.57
  103.64
  205.53
  251.62
  178.37
   83.37
   20.92
  307.77
  259.26
  113.52
  108.88
  221.74
  136.74
  137.16
  350.46
   69.79
  176.27
  315.44
  185.10
  298.55
   85.87
  297.51
   38.30
   12.25
  276.29
  150.26
  306.04
  115.18
  309.17
  102.12
  306.18
  231.89
  250.72
  132.71
  114.07
  106.97
  306.60
  237.60
  192.85
  122.41
    9.14
  291.85
   34.07
   98.53
   65.93
  309.92
  280.60
  303.90
   55.06
   25.19
  236.64
  354.33
  322.04
  147.73
  158.92
   38.36
    3.00
  145.41
   81.36
  266.77
  141.37
  213.90
  191.70
  293.14
  204.96
  186.17
  131.17
  101.22
   71.73
   98.83
  154.89
   80.48
  303.20
  219.17
  279.07
  142.06
  244.91
  182.42
  154.31
  288.94
  327.27
  174.91
  141.54
  119.08
  212.10
  181.74
   58.06
  310.82
  310.77
  106.57
  214.38
  301.56
  104.58
  193.98
  267.41
  113.26
   15.19
   65.57
   77.72
  108.71
  131.42
  133.35
  226.72
  303.98
  260.58
  289.98
  127.22
  112.79
  281.84
  287.13
   28.31
  239.72
   92.24
  137.48
  203.41
  224.66
   37.07
  244.32
   19.34
    0.87
  189.20
  307.01
   97.48
  141.35
  146.33
  300.44
  254.95
  291.32
  130.42
  311.44
   25.64
  255.53
  267.99
  271.38
  134.19
    6.72
   42.82
  169.90
   98.32
   39.91
  228.12
  130.22
  294.96
  287.00
  185.08
  233.77
  338.86
    6.85
  131.73
   49.71
  174.07
  157.28
  284.72
  326.13
   56.01
  111.42
   69.06
    2.30
    9.25
  131.99
  208.42
  351.48
  286.63
  141.50
  122.83
  320.42
  272.88
  153.14
  135.92
  120.97
  269.75
  295.05
  192.56
  274.35
  324.08
  257.96
  202.09
  140.59
  255.21
  174.92
  316.28
  240.49
  328.88
  193.02
  227.69
  147.32
  122.97
   49.92
   47.72
  288.08
   75.78
  304.30
  326.49
  328.15
   90.33
  297.05
  251.53
  100.55
  167.56
   96.62
  138.00
  108.91
   13.00
  338.02
  107.67
  101.54
   23.71
  281.71
  128.88
  190.10
  154.00
   86.17
   71.97
  321.92
    2.80
  110.28
  110.85
  252.24
   91.48
  104.22
  119.48
  118.32
  148.77
  140.31
  324.67
  250.80
  102.29
  153.82
  180.22
  309.79
  341.26
  344.60
  192.11
  162.05
  102.63
   47.47
  324.53
  280.11
  210.62
  359.71
  271.43
  162.51
  131.95
  271.83
  195.86
  167.01
  317.45
  279.64
  317.69
   72.13
  281.72
  205.48
  294.83
  313.18
  287.99
  131.20
   58.10
  328.06
  140.32
   19.30
  138.68
   37.40
  117.17
  129.38
  278.65
  357.68
    7.07
  136.09
  292.46
  184.70
   76.11
  111.18
  295.93
  205.91
  321.40
   38.60
  297.61
    9.85
  209.84
  150.60
  289.71
   21.31
  302.00
  248.66
  173.04
  235.59
  120.09
  161.72
  348.03
  207.82
  342.98
  327.44
  293.71
   81.85
   30.26
  121.11
  114.21
  275.35
  317.62
   14.62
  356.33
  295.63
  302.61
   43.64
  212.97
  322.54
  109.56
  277.15
  302.74
  119.01
  263.80
   56.37
  315.92
  148.95
  199.48
  179.07
  317.32
  318.60
   29.15
   24.11
   80.98
    8.93
  340.87
  145.42
  126.53
   47.45
   13.34
  293.95
  325.25
  124.35
  137.42
  333.43
  292.74
  341.68
  123.84
  186.67
  142.44
  355.70
  139.09
  237.21
   92.90
  126.86
  300.88
   11.79
  133.25
  313.39
   90.98
  341.33
  164.77
  319.33
  297.03
  137.97
  130.99
  158.58
  207.90
  131.31
  237.14
  123.99
  220.66
   10.52
  237.17
  166.24
  249.74
   73.14
  120.19
  105.59
  301.92
  353.17
  311.86
  329.48
  311.87
  294.95
  298.50
  216.85
   17.39
   23.21
  270.09
  240.57
  358.82
  153.35
  327.17
  300.98
  112.35
  288.31
  291.13
  151.82
  325.11
  239.65
  171.93
  308.49
  131.10
  333.44
  147.87
  116.96
  156.06
  339.67
  207.59
  354.78
  278.95
   62.74
  105.64
   41.50
    9.92
  160.59
  324.58
  328.06
  173.20
  201.45
   65.66
  121.23
  182.24
  154.37
   36.15
  208.76
   62.42
  263.56
   18.70
  165.03
  181.76
   65.73
  296.07
  206.49
    5.16
   94.79
  130.39
  288.43
  239.13
   46.07
   23.22
  303.57
  220.54
  197.84
  134.74
   93.63
  142.41
  105.55
   88.71
  150.02
  149.72
  248.65
  355.28
  309.51
  311.99
  141.26
  319.40
  150.22
  320.24
  179.72
  234.05
  301.43
  326.92
  148.16
  299.38
  107.13
  234.94
  147.89
  279.14
  135.31
  137.88
  213.99
  192.17
   64.17
  119.92
  118.14
  223.58
  254.52
  138.86
   32.28
  198.18
  248.37
  164.57
  205.63
  183.20
  307.87
  190.78
  337.31
  212.67
  225.28
   67.33
  307.69
  102.47
   25.67
  124.54
  197.32
  235.05
  103.84
  198.87
  336.02
  343.31
  174.29
  218.49
  180.65
  350.22
   80.29
   88.80
  160.35
  288.67
   30.94
  157.58
  349.43
  110.90
  327.60
   92.26
  343.83
  350.75
  245.26
   97.12
  154.03
  262.59
   86.99
   44.44
  151.31
  208.58
  325.75
  121.15
  316.43
  276.07
  322.21
  313.09
  111.51
  302.93
  131.61
  243.23
   90.86
  273.06
   96.20
  106.41
  285.76
  186.13
  208.74
    9.66
  358.61
  258.83
  152.56
  310.89
  333.71
  307.93
  111.93
  336.65
  342.52
  158.28
  342.55
  160.43
  120.58
  231.73
   26.20
  347.89
  273.37
  288.11
  302.01
  249.30
  223.52
  169.14
    6.23
  152.70
  123.13
   32.58
  106.83
  352.68
  115.87
  183.66
   61.45
  311.23
  276.03
   18.65
  149.16
  117.90
  183.75
  236.80
  132.92
  251.17
  186.37
  157.24
  346.84
  274.75
  136.69
  310.57
  319.93
   34.78
   75.94
  130.12
  153.42
   15.39
  164.39
   29.81
  170.44
   52.07
  170.17
  341.04
  143.31
  102.84
  275.35
  168.49
   26.24
  291.66
  276.96
   94.20
  190.37
  293.75
  269.09
  267.67
   54.88
  261.25
  115.39
  270.18
  224.67
  128.22
  308.60
  126.77
   29.30
  141.64
  170.32
   68.82
   72.55
   42.23
  304.64
  358.24
  110.90
  257.61
   62.14
  210.86
  309.51
  346.56
  305.96
  338.61
   13.00
  145.76
  192.03
   25.87
  324.80
  138.84
  108.21
  311.31
  309.10
   15.37
  297.64
  344.82
  317.69
  335.46
  326.14
  176.41
  139.59
   71.74
  116.58
  303.74
  319.65
  299.46
  113.33
  155.61
   91.88
  316.06
  148.45
  291.25
  279.85
  354.99
  195.82
    1.37
   63.53
  122.04
  134.45
  294.05
  111.93
  152.96
   17.64
  291.97
  129.18
  299.28
  288.41
  286.54
   90.35
  102.97
  103.67
  166.71
  351.80
  316.59
  229.24
  287.70
  331.78
  158.75
  304.70
   35.45
  325.60
  298.98
  222.66
  139.32
  331.71
  147.80
  129.37
  281.65
   40.76
  308.97
  300.88
   89.55
  146.83
  125.64
  118.80
   22.75
  277.50
   93.95
  178.10
   44.37
   71.20
  155.55
  139.44
   10.75
  297.71
  118.12
  241.48
   50.53
  254.63
  329.77
  109.39
  111.80
  101.95
    3.97
  214.52
  166.40
   67.77
   40.13
  253.43
  198.10
  306.64
  143.31
  164.22
  321.26
  178.62
  122.73
   77.17
  128.52
   94.44
  202.94
  207.26
  341.30
    0.35
  293.62
   28.88
  300.85
  161.96
   64.29
  358.03
  165.89
  298.29
   70.68
  136.86
  302.73
  140.01
   34.97
   59.79
  296.94
  287.29
   93.48
   86.81
  120.48
   14.66
  125.56
  192.62
  303.73
  296.50
  169.01
  236.90
  191.55
  299.74
   39.27
  148.21
  128.77
  207.50
  327.20
  204.88
  218.79
   59.85
  282.70
  130.37
  343.55
  334.71
  234.43
  210.74
  141.59
  326.92
  165.93
  151.87
  329.64
  292.31
  109.44
  141.15
  309.08
  314.30
   89.69
  303.44
  274.12
   82.59
  138.23
  127.99
  323.25
  359.19
  235.13
  225.06
  304.05
  327.21
  211.06
   67.92
   96.97
   66.98
  125.22
  210.18
  106.49
  173.25
  169.21
  151.93
  221.61
  158.96
  195.41
   72.36
  346.73
  182.52
  309.59
  170.19
  133.79
  327.35
   23.08
  169.30
  180.74
  262.53
   95.30
  120.11
   95.55
   71.16
   26.20
  173.52
   58.28
  159.85
  295.26
  128.86
  175.86
   14.02
  140.14
  139.23
  305.47
  126.62
  247.03
   29.94
  141.26
  134.49
  336.37
  158.97
  293.90
  204.58
  302.60
  155.24
  240.45
   49.21
  110.61
  126.85
   70.33
  259.32
  318.86
  325.09
  118.52
   27.14
  313.77
   90.05
   63.76
  334.20
  330.52
   65.11
  135.20
  351.88
   15.66
  116.57
  278.16
  316.42
   32.07
  187.58
  258.77
    4.83
  313.06
  148.11
  234.53
   66.21
  217.45
   20.41
  112.79
  337.05
  291.29
  294.48
  113.17
  206.66
   51.72
  244.13
  295.98
  184.00
  138.92
   89.76
  127.47
  119.18
  234.18
  103.59
  327.02
  330.40
  117.46
  281.48
  276.71
  145.63
  133.89
  295.13
  267.39
  166.20
  179.57
  348.19
  300.28
  266.73
  135.58
   78.68
  151.90
  120.15
  273.96
   88.93
  298.59
   72.81
   29.08
  282.97
  125.04
  344.10
  222.12
  166.76
  154.93
  329.68
   93.64
  154.48
  269.24
  219.66
  199.40
  133.27
   63.57
  125.11
  138.91
  264.47
  294.39
  291.46
  166.03
  328.86
   92.75
  294.60
  349.47
  189.48
   19.08
  114.07
  128.77
  164.15
  182.62
  158.94
  154.18
  197.51
  157.24
  121.91
  342.03
  276.61
   30.28
  346.35
  140.35
   36.33
  187.36
   90.49
   97.76
  123.95
  160.38
  272.59
  157.47
  156.22
  282.67
  151.88
   76.52
  158.93
  286.36
  105.88
  137.01
  274.63
  152.95
  261.71
   17.42
  220.93
   10.64
   39.10
   97.24
  145.17
  191.05
    9.71
  143.43
  238.95
  319.72
   70.12
  242.30
  208.42
  325.37
  145.18
  254.56
  330.53
   38.78
   70.35
  292.70
  151.50
  274.88
  127.60
  322.68
  234.83
  163.63
  328.15
  238.01
   11.01
  338.48
  307.67
  194.92
  172.95
   17.01
  129.36
  120.99
  287.43
   80.48
  195.85
  331.76
  286.48
  285.35
  151.43
  115.04
  199.60
  323.02
  358.76
  308.41
  339.34
  154.03
  118.48
  126.59
   98.01
  304.51
  181.71
  221.80
  154.33
  223.76
  129.64
  181.12
  160.24
  316.87
   41.21
  239.27
  210.08
  288.65
   98.43
  357.54
  290.53
  209.25
   49.21
  325.27
   28.25
  208.74
  348.14
  336.46
  293.77
   27.63
  246.01
   57.64
  269.57
  325.09
   21.20
  159.32
  288.16
  175.39
  113.45
  332.18
  185.47
  277.88
    1.06
  111.59
  116.16
   14.81
  131.58
  353.48
  162.29
  342.52
  199.95
  285.92
  132.56
  126.88
  107.92
  270.57
  241.45
   47.35
  325.32
  307.59
   44.48
  260.86
  339.86
  173.64
  180.39
   40.35
  244.54
  151.82
  105.06
  184.98
  346.75
  178.63
  118.24
  158.25
  227.04
  341.76
   23.78
   77.35
  138.30
  322.69
  172.66
  151.98
  342.34
  220.77
  334.76
  100.57
   68.16
  281.27
  358.46
  354.71
   21.08
   84.26
  307.32
   21.65
  146.60
  279.73
   14.52
   23.59
   67.72
  338.48
   15.94
  301.86
  194.08
  168.59
  223.13
  335.14
  158.76
  309.03
  279.21
  117.36
   85.50
  160.25
  290.35
   38.57
  322.00
  279.25
   91.71
   19.12
  342.28
  219.81
  211.71
  106.25
  161.26
   60.08
  316.13
  308.01
    8.80
  273.39
  345.81
  220.28
  309.91
   66.65
   82.07
  157.96
  303.33
  322.84
   48.77
   96.31
   48.31
   29.08
  149.43
  298.52
  123.49
  310.21
  131.28
   17.81
  108.36
   97.77
  320.72
  339.75
  274.37
  310.06
  359.30
  303.60
  182.34
  326.92
   22.68
  320.85
  274.64
  326.39
  312.89
  232.90
  319.87
  324.14
  247.10
  136.90
  133.08
  108.62
  175.44
  296.39
  101.52
  154.61
  282.40
  315.36
  108.74
  328.00
  287.99
  104.37
  309.21
   18.52
  126.70
  218.26
   60.08
  341.77
   77.08
  315.71
  220.14
  322.23
  153.09
  133.51
  110.20
  253.82
  303.34
  272.40
  209.36
  157.38
   40.79
  316.54
  169.62
  344.05
  217.92
  160.31
  115.32
  136.08
  241.57
  160.70
  186.56
  324.97
  286.50
  122.24
  330.66
    8.98
   57.27
  205.84
  126.72
  256.81
   36.20
  173.72
  236.27
  107.63
  322.00
  316.34
  173.16
  179.05
  204.45
  100.46
  112.34
  318.86
   87.82
   93.45
  137.86
   56.32
   51.96
   81.56
  166.65
  324.54
  321.40
  289.18
   92.47
  239.15
   45.49
   73.68
  130.00
   74.56
  225.54
   63.76
  128.52
  136.15
  184.22
  198.40
   71.73
  200.38
  153.86
  113.76
  247.54
  190.21
  114.61
  129.59
  332.23
  310.51
  142.83
   14.27
  309.72
   96.25
  170.95
  146.43
  231.33
  293.60
  289.74
  336.32
   53.56
  284.97
  353.80
  296.53
  150.61
  164.71
  155.90
   36.99
  154.51
  151.35
  165.48
  215.56
  187.95
  223.64
  327.18
  289.10
  304.46
  282.49
   52.52
  177.04
   51.36
   98.61
  292.00
  350.72
  111.21
   33.27
  220.92
  245.86
  137.32
  317.99
   70.50
  152.49
  183.47
   98.22
  279.53
  216.79
  177.31
  235.80
  330.50
  110.60
  149.95
  357.91
  215.70
  122.14
  182.59
   45.81
  349.75
  129.14
  300.72
  347.67
  201.08
   92.69
   11.23
  116.92
  192.69
  301.50
  214.15
  248.50
  122.72
  124.06
  139.83
  296.49
  305.93
  139.13
  288.85
  293.64
  106.13
  310.65
  119.18
   85.33
   42.91
  283.11
   20.65
  287.44
  187.38
  206.40
  131.32
  131.86
  135.02
  116.44
  302.75
  281.42
    6.64
  260.36
  202.63
   74.08
    6.35
  111.04
   61.80
  116.30
  342.67
   30.69
  127.04
  251.97
  299.83
  218.80
  329.53
  324.56
   78.27
  336.01
  256.52
  349.65
  116.82
   21.64
  290.72
  296.47
  237.59
  194.12
  136.15
  280.15
   44.25
  119.66
  289.50
  139.54
  117.90
   50.78
  197.08
    3.13
   80.77
  123.26
   26.03
  131.55
   95.36
  263.38
  141.66
   11.39
  253.03
  317.12
  286.87
  319.18
   70.39
    1.19
  281.92
  297.43
  179.38
  266.69
   88.63
  220.10
  290.18
  104.31
  291.74
  121.81
  295.95
   70.55
  340.54
  123.52
  314.56
  325.84
   66.72
  132.06
   18.99
  120.67
   59.99
   86.60
  315.55
  275.18
  101.87
  346.98
    6.94
  138.17
  319.84
  305.58
  143.89
  156.08
  319.68
  138.47
   67.41
  334.26
   70.70
   77.69
  310.65
  276.94
   96.03
   46.28
  157.04
  230.94
  236.22
   36.12
  275.91
  311.59
   63.56
  208.14
  310.17
   40.96
    4.17
  168.75
  217.62
  297.55
  162.76
  106.35
    0.92
  206.80
   17.49
  247.40
   34.67
  120.09
  198.37
  356.38
  329.30
  325.33
  100.97
  115.18
  131.59
  359.05
  160.10
  307.81
  186.05
  161.69
  124.47
  251.34
  204.24
  269.50
   82.65
   16.20
  179.77
  298.63
   19.44
  186.94
  168.46
  325.17
  343.98
  217.10
  154.31
  325.14
  164.24
   79.67
   89.46
  301.74
  311.24
    5.67
  356.91
  284.20
   83.50
  165.98
  136.96
  341.52
  228.69
   41.22
  284.13
  325.73
   18.99
  125.18
  326.39
   31.04
  127.45
  136.99
  155.65
   55.65
  256.51
   84.79
  104.69
  263.02
  296.61
  118.12
  305.41
  304.38
   11.42
  345.42
  166.37
  114.38
  267.93
   18.31
   31.43
  150.50
  326.04
  340.35
  278.78
  340.91
  128.97
  294.40
  186.93
  148.56
  258.88
  193.28
  303.99
   19.24
  267.43
  325.11
  108.98
  274.65
  246.72
  138.80
  253.31
  129.55
  119.87
  342.14
   79.88
  152.02
  289.76
  301.52
  266.27
  321.31
  290.28
  136.50
   34.36
  117.30
  349.08
  271.08
  179.76
   26.85
   75.99
  355.92
  237.12
  325.63
  315.98
  138.52
   19.07
  104.57
   27.15
  310.15
  340.85
  319.00
  265.70
   62.46
  123.13
    9.29
  152.02
  260.87
   21.32
   78.91
  247.53
  233.04
   89.11
  247.15
  322.40
  149.28
  207.42
  215.53
  320.90
  291.83
  122.29
  295.99
   44.19
  331.20
   51.08
  250.00
   89.32
   16.51
  124.82
  140.86
  254.88
  165.57
  265.11
   37.28
  260.58
  302.78
   76.50
  260.86
    0.62
  175.34
  161.22
  174.58
  296.27
  273.56
  265.12
  209.88
  320.18
  153.94
  145.21
  343.80
  186.14
  328.93
  117.59
  343.89
   12.77
  328.73
  293.71
  125.81
  189.51
  260.22
  108.75
   96.41
  324.83
  127.29
    0.79
  106.00
  155.11
  327.76
  153.64
   83.16
   67.60
   34.07
  186.98
  112.38
  333.62
   77.56
  286.26
  117.99
  111.36
   68.81
  168.39
   72.61
  189.63
  132.43
  203.26
   18.86
   57.97
  236.00
  167.50
   13.06
  217.34
  219.43
  316.16
  210.90
  174.97
  225.75
  133.25
  280.84
  110.49
  122.36
  272.10
   58.20
  263.51
   10.32
  169.05
  253.45
  111.82
  215.45
  301.44
  110.38
  187.16
  172.95
  340.68
  268.32
  193.97
  156.49
  342.15
  196.89
  115.95
  111.69
  139.88
  309.61
  339.11
  138.19
  123.07
  142.06
  188.61
  100.95
  321.58
  310.33
  150.15
   98.48
  124.01
  359.13
  275.55
  317.55
  129.90
  182.74
  137.04
  145.52
  217.38
  151.65
  129.45
   77.82
  298.33
  149.65
  340.63
  210.70
   67.50
  154.09
  297.34
   36.81
  169.62
  271.71
  156.92
  196.22
  174.74
  304.55
  228.84
    6.27
  318.01
  334.78
  132.39
  216.60
    4.89
  335.52
   10.18
  293.75
   12.37
   78.59
  325.17
  108.81
  125.59
   55.20
  242.10
  267.95
  178.91
  323.85
  303.04
  203.53
  293.46
  351.94
  328.40
  303.67
  166.25
  132.88
   22.59
   44.91
  326.26
  168.17
    1.73
  305.80
    3.72
  348.51
  319.69
  329.71
  288.61
  188.53
  109.06
  110.67
  301.97
  281.47
  137.14
   40.35
  298.73
  299.67
  226.28
  290.09
  231.16
  289.03
  115.29
  204.90
  134.36
   94.78
  348.90
  339.52
   38.02
  165.94
  347.66
  244.84
  108.20
  148.98
  325.87
  153.66
  277.51
  149.39
  102.44
  291.40
  154.50
  186.98
   34.27
  123.55
  298.89
  109.05
  113.10
  209.02
  198.10
   96.21
  180.79
  298.51
  104.66
  247.84
  266.24
  133.64
  129.48
  187.07
  347.53
  178.96
  117.02
  249.19
  169.62
   86.74
  323.39
  352.45
  243.48
  158.41
  104.36
  297.19
  308.97
  147.56
   47.46
   73.95
  161.29
  151.66
  265.55
    1.92
   94.36
  330.49
  261.83
  162.37
  276.64
  159.64
   74.53
  112.77
  117.87
   53.06
   17.21
  310.29
  306.04
  296.72
    6.54
    1.78
  302.23
  159.11
    8.88
  293.57
  345.47
  132.83
  323.53
  104.48
  327.02
  356.39
  113.24
  303.81
  250.86
  127.92
  317.49
  329.31
  139.63
    9.73
  315.15
  176.83
  190.86
  323.76
  168.35
  324.04
  234.03
  325.46
  354.42
  173.48
  351.14
  334.99
  301.29
  324.76
  161.03
  303.27
   58.95
  330.70
   66.19
  313.35
  316.74
  205.80
  266.29
  117.83
  111.47
  106.33
  298.22
   91.61
  131.86
   42.36
   13.41
  353.75
  104.00
   28.08
  148.96
  298.84
  174.48
  278.42
   69.74
  169.49
  134.90
  300.40
  196.57
  161.77
  151.24
  274.50
  347.84
  281.64
  288.75
  286.95
   84.65
  265.89
  324.10
  155.56
  292.55
   74.53
    8.10
  325.52
  346.30
   83.39
  317.66
  274.03
  180.60
   68.83
  325.84
  159.81
  244.17
   92.58
   85.45
    4.03
  291.75
  327.30
  137.16
  135.14
  140.10
   83.39
  266.49
  145.99
  200.18
  313.70
   21.48
   84.54
  236.85
  328.31
  186.48
  270.48
  278.68
  155.05
  359.05
  318.57
  172.22
  210.92
  298.50
   12.70
  145.82
  199.98
  136.92
   15.98
   85.93
   40.32
  291.43
  103.18
   81.85
  194.46
  166.11
  240.35
  321.02
  350.56
   84.76
  176.80
  117.14
   57.08
   59.48
   16.50
   18.79
  310.78
  330.00
  158.83
  205.81
  269.57
  118.77
  245.22
  218.78
  106.38
   39.96
  145.86
  306.74
   42.35
  330.53
  344.69
  125.87
  263.29
   59.46
  229.00
  195.06
  144.26
  202.00
   89.51
  250.11
  176.48
  176.73
  106.30
  144.62
  185.07
  241.58
  304.90
  172.93
  222.53
  168.87
  219.25
   10.86
  241.99
  330.80
  190.58
   10.68
  150.25
  148.21
   16.32
  324.38
   26.12
  129.12
  252.42
  136.96
   94.07
  337.90
  254.87
   94.46
  134.61
  273.38
   80.65
  350.34
  338.13
  205.78
  273.86
  263.51
   22.15
  306.36
  247.15
  277.00
  102.66
  282.64
  280.82
   97.04
   50.60
  178.10
  269.63
    0.96
  195.68
  278.82
  254.36
  172.18
  151.12
  284.56
   55.95
  266.61
  234.43
  192.73
  332.73
  212.37
   25.95
  321.53
  263.17
  283.25
   16.35
  141.51
   27.09
  347.90
  237.57
  311.61
   54.12
   75.66
  345.28
  118.62
    3.58
  344.05
  327.01
  240.90
   95.28
  334.43
  243.19
  122.46
  318.34
  293.73
  134.22
    4.59
  345.77
    5.17
    8.48
  281.90
  173.43
  305.76
  272.38
  197.15
   62.84
  239.72
  140.73
   34.90
   84.13
   61.07
  325.98
   84.73
  339.15
  166.93
  100.86
  296.96
   88.45
  163.72
  345.98
  233.88
   48.69
    3.47
  127.75
  181.43
  128.85
  268.36
  174.35
  129.43
  140.24
  354.83
  294.53
  325.69
  337.08
  268.60
  117.56
   29.42
   36.05
  342.22
  109.92
  135.18
  152.61
  335.78
   97.28
   29.02
  319.66
   88.25
   88.12
  295.59
  186.85
  262.63
  286.84
  150.20
  172.72
  359.16
  319.71
  194.56
   60.14
  150.76
  162.18
  122.71
  127.59
  344.78
  332.52
  133.90
  333.51
  165.42
   28.85
   74.29
  283.59
  134.77
  332.69
  210.05
  302.47
  273.38
  334.51
  159.20
   80.69
  134.04
  119.65
  331.98
  153.08
  142.84
  186.26
  352.73
  154.08
  256.99
  215.42
   52.79
   88.88
  299.59
    1.81
  348.56
   47.19
  126.11
  300.44
   50.20
  293.73
  326.43
   77.63
  143.05
   33.44
  350.58
  140.36
  302.51
   59.13
  124.56
  173.15
   78.75
   79.89
  102.23
  131.39
  191.48
   91.62
  135.78
  290.65
   28.53
  298.54
  226.94
  293.87
  325.80
   15.38
  318.10
   62.13
  152.06
  120.24
  128.19
  277.45
  236.26
  181.00
   16.60
  328.56
  354.75
  328.50
  284.93
   82.73
  306.57
  290.28
  290.65
  246.68
  153.91
  125.36
   75.89
   19.89
  169.52
   23.03
  306.86
  124.53
  344.71
   42.95
  241.53
  199.66
  155.32
    1.17
   72.00
  123.72
  313.92
  254.74
  247.19
   21.18
  306.89
  282.50
  165.91
   68.98
  102.91
  230.00
  126.04
  327.02
  300.87
  323.20
  174.41
    2.17
  349.47
   14.32
  174.34
  126.17
  272.82
  318.20
  165.63
  171.46
   50.11
  199.03
   34.37
   39.08
  212.41
  134.47
   77.30
  158.58
  279.92
  301.59
  183.61
   54.84
  197.23
  345.38
   99.48
  152.75
   69.90
   95.53
  195.49
  305.86
  307.66
  122.82
  344.84
   80.96
   28.80
   93.64
  246.63
  332.48
   54.61
  185.90
   95.75
  313.59
  354.07
   87.19
  107.16
  322.49
  131.89
  252.60
  306.44
  275.05
  212.68
  177.13
  158.51
  118.79
  319.03
   28.93
  305.39
   55.64
  289.23
  329.70
   45.47
  284.67
  218.08
  352.98
  126.27
  292.10
   88.70
  182.21
   97.80
  154.51
   79.10
  156.44
   87.40
  196.43
  312.94
  238.57
  168.83
   20.00
  278.29
  113.94
  359.99
  117.98
   10.25
   77.62
  176.15
  148.02
   43.36
  215.42
  265.62
  241.48
  193.22
  118.44
  195.02
  153.44
  136.36
  237.41
  100.39
  100.89
  109.76
  266.69
   87.77
   26.33
  323.48
  311.58
   72.54
  116.93
  302.34
    3.13
  157.11
  289.56
  269.30
  244.89
  282.63
  253.75
  302.40
  183.17
  227.72
  314.96
  255.51
  104.24
  139.91
  333.80
  326.80
  339.41
   26.91
  105.21
  115.16
   53.83
  228.24
  140.14
  123.86
  155.72
  115.03
  272.18
  141.42
  283.77
  154.38
  353.36
  157.55
  129.51
  216.04
  209.33
  348.30
   83.23
  239.44
  242.88
  181.17
   29.92
  215.75
  312.87
   78.78
  290.91
  136.16
  131.93
  304.52
   70.66
  140.36
   56.63
  152.03
   97.48
   17.92
  279.76
  156.13
  174.94
  317.93
  245.77
  204.60
  128.86
  148.98
  201.56
   34.39
  247.29
  332.08
   21.84
  355.92
  126.14
  326.82
  332.32
  152.00
  333.45
  114.34
  284.61
  248.41
  338.67
  311.95
  220.31
   24.16
  124.28
   92.96
  154.15
  244.03
  304.93
  111.83
  305.96
  164.13
  355.55
   59.07
  248.62
  111.39
  142.26
  258.70
  347.98
  290.93
   37.88
   61.71
   55.06
  222.60
  119.01
  344.88
   44.87
  147.49
  333.21
    8.99
  302.44
  122.15
  214.83
  169.31
  282.48
   96.57
  313.34
  288.71
  279.34
   86.87
  149.65
  174.45
  359.08
  184.72
  135.10
  213.83
  192.71
  119.98
  164.16
  245.54
    2.73
   76.45
  231.65
  158.18
   42.15
  305.23
  338.98
  123.03
  234.96
  263.97
  293.12
   55.66
  149.41
  251.01
   87.19
  185.20
  205.91
  167.22
  310.03
  172.71
  108.26
  161.80
  253.90
  300.70
  242.13
    8.22
  273.63
  112.63
  124.07
  124.32
  139.89
  131.79
  215.43
  331.77
  205.31
  118.07
   22.22
   97.23
  330.03
  158.97
   55.22
  162.46
  120.95
  287.87
  331.25
   45.16
  310.57
  292.56
   29.46
  202.03
  149.60
  199.09
  269.84
  120.19
  324.27
  151.65
  101.93
  342.60
  330.92
   72.35
  222.31
  209.70
  266.16
  196.51
   53.14
  242.62
  287.64
  216.83
  347.51
  200.60
  107.97
  199.31
   24.19
  233.05
   13.39
  161.09
  253.84
   68.12
  102.44
  133.62
  306.45
   38.61
  318.31
  293.46
  248.77
  290.11
  125.92
  171.94
  135.80
  218.11
  212.84
  148.24
  118.56
  123.35
  189.86
   72.27
  167.26
    9.11
  130.07
   29.90
  194.04
   83.34
   99.71
  172.58
  354.30
  287.54
  161.58
  347.93
  260.48
  291.54
   38.27
  151.10
  311.89
   91.63
  300.86
  127.26
  282.84
  140.98
    9.53
  127.38
   70.29
  311.67
  314.60
  169.68
  127.09
   14.77
  263.32
  349.69
  259.63
  260.42
  158.74
  277.95
  271.65
  183.64
  254.06
  149.67
  140.64
  165.08
  100.15
   32.77
  127.23
  320.37
  293.82
  170.40
  101.49
  104.35
  256.98
  154.07
  317.35
  221.63
  260.86
  296.10
  239.38
  143.09
   96.79
  315.28
  137.15
  164.86
  164.38
  136.59
  284.66
   62.82
  229.56
   48.76
  283.26
  118.07
   19.84
  216.27
  248.31
   81.68
  170.57
  352.64
  125.27
  101.00
  267.44
   15.69
  273.21
  191.48
  312.54
  136.55
  110.48
   60.70
  245.03
  278.74
  351.21
  134.09
  225.72
  132.83
  249.00
  260.01
  132.62
  331.17
    2.33
  253.66
  103.29
  116.39
  240.90
  345.13
  309.44
   32.33
   56.01
  175.58
  296.53
  310.40
   20.04
  324.58
   44.35
  218.09
   93.89
  128.85
  115.70
  291.97
  231.50
   77.18
  325.16
  345.92
  160.06
    7.17
  155.17
  125.31
  213.74
  125.91
  294.72
   65.77
  305.15
  318.76
    0.85
  137.13
  304.42
  264.95
   19.18
  327.37
   90.99
  297.89
   29.02
   24.08
  124.36
  260.87
  112.40
   35.35
  256.36
   43.43
  285.31
  159.13
  199.01
  162.50
  287.69
  283.50
  326.70
  301.95
  267.76
  124.99
  283.08
  357.78
  248.28
   83.71
  151.57
  124.95
  272.02
  352.30
  300.87
  311.65
  275.45
  142.30
  153.04
   96.40
  220.24
   98.93
   25.14
   52.18
  264.51
  160.77
  169.78
  159.12
  195.62
  339.36
  107.70
  275.25
   26.63
  331.18
   76.93
  172.21
  117.67
   18.40
  325.79
  201.76
   70.72
  295.21
  125.55
  192.59
  154.23
  136.69
   36.37
  167.49
  157.41
  310.01
  116.05
   14.29
  307.01
  170.15
  155.87
  112.85
   99.40
   36.96
  292.26
   92.08
  230.30
   66.61
  173.82
  152.21
   99.40
   22.67
  224.67
   13.71
  134.51
  333.29
  354.02
   68.43
   89.53
  228.04
  126.93
  297.73
  303.57
   12.97
  106.04
  108.81
  336.37
  283.56
    4.82
  203.79
  284.73
  174.37
  115.07
  197.75
  111.95
  147.77
  135.79
  152.08
  293.04
  301.88
  261.68
  287.02
   13.85
  142.56
  199.48
  170.99
  146.69
  304.88
  227.96
   45.87
  134.71
   38.86
  234.63
   95.89
    3.94
    4.54
  280.18
  242.25
  259.47
  281.06
   73.02
  338.96
  114.83
  125.13
  172.78
  132.16
  334.71
  320.57
  310.64
  185.47
  257.55
  311.84
  139.81
    2.24
    6.08
  307.21
  291.89
  139.99
  220.45
  325.02
  158.63
  291.50
  292.40
  184.14
  230.87
   19.45
  320.17
  333.54
   53.14
  150.68
  196.18
  110.95
  233.42
  284.30
   99.64
  267.81
  152.49
  305.90
  182.16
  345.94
  226.17
  122.06
  160.11
  358.45
  280.92
  122.29
  213.33
  160.07
  150.90
  137.29
  271.76
    7.97
  142.37
   41.76
  279.67
   71.58
  313.97
   38.55
  126.95
  283.26
  269.69
   71.73
   29.36
  186.65
  297.14
   26.86
  190.12
  154.60
  122.35
  155.71
  345.88
  139.23
  256.89
  135.20
  119.06
  134.05
   17.62
   18.98
  345.41
   41.48
  133.70
  310.69
  111.78
  323.11
  128.28
  134.14
  328.54
  183.95
  348.19
  306.56
  120.27
  141.17
  114.58
  164.00
  318.54
  273.06
  126.94
   66.72
  130.60
  358.94
  259.89
  101.09
  156.54
  163.77
  171.74
  239.67
   47.91
  293.19
  187.36
  158.28
   26.69
   66.97
  268.80
  142.61
  296.73
   91.56
  321.35
   59.94
