   34.58
   33.94
   34.59
   34.62
   34.63
   34.73
   34.56
   34.67
   35.11
   34.04
   34.42
   34.74
   34.20
   34.30
   34.59
   34.43
   34.53
   34.11
   35.16
   34.37
   35.12
   34.45
   34.19
   34.34
   34.08
   34.64
   34.64
   35.09
   34.80
   34.93
   34.04
   34.23
   34.21
   34.49
   34.44
   34.29
   34.60
   33.88
   34.34
   34.53
   34.40
   35.20
   34.46
   34.66
   33.83
   34.15
   34.30
   34.31
   34.11
   35.14
   34.68
   34.33
   33.98
   34.32
   34.49
   34.27
   34.91
   35.25
   34.39
   34.02
   34.77
   35.06
   34.53
   34.51
   34.40
   34.55
   34.36
   34.62
   34.44
   34.52
   34.22
   34.72
   35.21
   34.66
   34.96
   35.12
   34.58
   34.45
   34.15
   34.89
   34.69
   34.60
   34.18
   34.36
   34.50
   35.15
   34.63
   35.11
   35.25
   34.56
   34.43
   34.37
   34.41
   34.34
   34.47
   34.37
   34.36
   35.24
   34.53
   34.71
   33.96
   34.42
   34.39
   34.38
   34.74
   34.19
   34.45
   34.51
   34.43
   34.54
   34.62
   34.50
   34.82
   34.38
   34.42
   35.10
   34.64
   34.41
   34.65
   34.00
   34.52
   34.22
   34.66
   34.31
   35.07
   34.56
   34.60
   34.06
   34.60
   34.58
   35.16
   34.62
   34.25
   34.12
   34.49
   34.63
   34.45
   34.56
   34.61
   34.62
   34.63
   34.45
   34.43
   34.47
   34.16
   34.44
   34.42
   35.12
   34.71
   34.71
   34.69
   34.41
   34.55
   34.56
   34.03
   34.24
   34.60
   34.76
   34.50
   35.25
   34.60
   34.65
   35.07
   34.41
   34.27
   34.45
   35.04
   34.90
   35.30
   34.38
   34.67
   34.59
   34.58
   34.41
   33.94
   34.38
   34.70
   34.70
   34.99
   34.99
   34.61
   34.95
   33.87
   34.41
   34.58
   34.20
   34.52
   34.53
   34.69
   34.57
   34.65
   34.49
   35.30
   34.62
   34.22
   34.48
   34.33
   34.33
   34.95
   34.41
   34.69
   34.23
   34.64
   34.90
   35.07
   34.46
   35.06
   34.49
   34.34
   34.62
   34.21
   34.47
   34.42
   34.36
   34.34
   34.95
   34.34
   34.67
   34.94
   34.41
   34.51
   34.50
   34.62
   34.42
   34.20
   34.33
   34.51
   34.60
   34.54
   34.19
   34.59
   35.09
   34.50
   34.37
   34.43
   34.45
   34.60
   34.45
   34.36
   34.50
   34.77
   34.94
   34.53
   34.51
   34.37
   34.81
   34.68
   34.62
   34.62
   34.52
   34.67
   34.16
   34.61
   34.76
   34.33
   34.62
   34.81
   34.64
   34.11
   34.54
   34.50
   34.80
   34.17
   34.83
   34.59
   34.48
   34.55
   34.71
   34.34
   34.58
   34.46
   34.78
   34.71
   34.03
   34.57
   34.43
   34.54
   34.52
   34.50
   34.65
   34.52
   34.75
   34.66
   34.07
   34.29
   34.38
   34.72
   34.64
   34.55
   34.68
   34.59
   34.72
   34.51
   34.32
   34.16
   34.51
   34.36
   34.48
   34.68
   35.21
   34.51
   34.61
   34.45
   34.38
   34.63
   34.54
   34.48
   35.15
   34.74
   34.17
   34.54
   34.46
   34.65
   34.69
   34.65
   34.55
   34.45
   34.33
   34.39
   34.63
   34.64
   35.25
   34.22
   34.68
   34.16
   34.55
   34.28
   34.34
   34.37
   34.57
   34.55
   33.87
   34.52
   34.67
   34.72
   34.69
   34.36
   34.44
   34.59
   35.02
   34.50
   34.38
   34.54
   34.54
   35.19
   34.92
   34.44
   34.61
   35.04
   34.58
   34.65
   34.34
   34.64
   34.55
   34.65
   34.61
   34.57
   34.63
   34.12
   35.22
   34.67
   34.48
   34.93
   34.58
   34.50
   34.69
   34.67
   34.11
   34.61
   34.64
   34.69
   34.85
   34.72
   34.58
   35.28
   34.37
   35.19
   34.54
   35.12
   34.18
   34.57
   34.67
   34.37
   34.00
   34.74
   34.67
   34.52
   34.28
   34.76
   35.02
   34.16
   34.57
   34.07
   34.56
   35.06
   34.32
   34.59
   35.10
   34.58
   34.60
   34.07
   34.17
   34.46
   34.56
   34.42
   34.67
   34.15
   35.17
   34.09
   34.63
   34.49
   34.04
   34.47
   34.66
   34.63
   34.45
   34.56
   35.20
   35.15
   34.13
   34.32
   34.46
   34.59
   34.13
   34.56
   34.90
   34.32
   35.21
   34.62
   34.59
   34.41
   34.24
   34.52
   34.40
   34.69
   34.42
   34.50
   34.53
   34.68
   35.00
   34.39
   34.49
   34.61
   33.80
   34.20
   34.09
   34.57
   34.67
   34.54
   34.37
   33.99
   34.60
   34.46
   34.38
   34.45
   34.33
   34.55
   34.60
   35.15
   34.14
   34.90
   34.32
   34.59
   34.27
   34.51
   34.90
   34.40
   34.39
   34.65
   34.51
   34.16
   34.50
   34.11
   34.54
   34.51
   34.43
   33.91
   34.32
   34.54
   35.13
   33.92
   34.47
   34.73
   34.71
   34.20
   34.48
   34.38
   33.99
   35.20
   34.92
   34.48
   34.54
   34.39
   34.59
   34.96
   34.43
   34.41
   34.52
   34.50
   33.98
   34.32
   34.69
   35.20
   34.15
   34.61
   34.10
   34.81
   34.68
   34.69
   34.05
   34.39
   34.29
   34.61
   34.55
   34.59
   34.61
   34.19
   34.40
   34.44
   34.30
   34.58
   34.31
   34.33
   34.83
   34.70
   34.63
   34.56
   34.51
   35.11
   34.32
   34.67
   34.55
   34.62
   34.26
   34.30
   34.61
   34.33
   34.45
   34.70
   34.31
   35.22
   34.64
   34.58
   34.66
   34.67
   34.56
   34.64
   34.62
   34.47
   34.31
   34.53
   34.58
   34.56
   34.45
   34.63
   34.59
   34.59
   34.44
   34.40
   34.21
   34.57
   34.25
   34.36
   35.21
   34.80
   34.71
   34.50
   34.51
   34.11
   34.47
   34.39
   34.68
   34.51
   34.65
   34.10
   35.00
   34.45
   35.05
   34.54
   34.66
   34.69
   34.31
   34.10
   34.60
   34.33
   34.50
   35.00
   35.14
   34.14
   34.47
   34.69
   33.97
   33.88
   35.27
   34.67
   34.46
   34.84
   34.62
   34.35
   34.36
   34.21
   34.59
   34.26
   34.52
   34.46
   34.34
   34.39
   34.31
   34.51
   35.18
   34.54
   34.12
   34.32
   34.83
   34.45
   34.39
   34.44
   34.86
   35.25
   34.72
   34.53
   34.62
   34.45
   34.51
   34.75
   34.67
   34.57
   33.97
   34.43
   35.20
   34.49
   34.13
   33.96
   34.26
   34.59
   35.19
   34.39
   34.11
   34.29
   35.11
   34.96
   34.37
   34.34
   34.15
   34.62
   34.07
   34.28
   34.53
   34.97
   34.15
   34.48
   34.68
   34.60
   34.73
   34.05
   34.34
   34.15
   34.45
   34.49
   34.56
   34.95
   34.54
   34.54
   34.89
   34.06
   35.16
   34.56
   34.41
   34.63
   34.35
   34.53
   35.06
   34.70
   34.43
   34.62
   34.72
   34.67
   34.10
   34.26
   34.74
   35.11
   33.80
   34.49
   34.14
   34.65
   34.65
   34.62
   33.81
   34.69
   34.32
   34.68
   34.62
   34.65
   34.40
   34.67
   35.24
   34.30
   34.30
   34.41
   34.66
   34.91
   34.33
   34.34
   34.39
   34.18
   35.01
   34.56
   34.42
   34.68
   34.40
   34.30
   34.57
   35.07
   34.62
   34.39
   35.10
   34.64
   34.66
   34.30
   33.91
   34.83
   34.43
   34.71
   34.59
   34.48
   34.74
   34.27
   34.11
   34.68
   34.70
   34.52
   34.62
   34.51
   34.64
   34.52
   34.69
   34.99
   34.87
   34.75
   34.63
   34.61
   34.50
   34.42
   34.63
   34.35
   34.64
   34.89
   34.69
   34.32
   34.35
   35.17
   34.80
   34.02
   34.53
   35.13
   34.51
   35.19
   34.62
   34.11
   34.46
   34.54
   34.59
   34.47
   34.12
   34.44
   34.31
   34.59
   34.02
   34.42
   34.56
   34.43
   34.68
   34.65
   34.69
   34.60
   34.39
   34.06
   34.95
   34.65
   34.22
   35.11
   34.34
   34.54
   34.77
   34.85
   34.60
   34.84
   34.44
   34.99
   34.63
   34.45
   34.74
   35.19
   34.47
   34.43
   34.65
   34.33
   34.14
   34.34
   34.99
   34.38
   34.34
   34.57
   34.15
   34.18
   34.04
   34.55
   34.35
   34.81
   34.30
   34.07
   35.07
   34.54
   34.63
   34.60
   34.24
   34.57
   34.26
   34.57
   34.30
   34.50
   34.92
   34.16
   34.37
   35.15
   34.26
   34.46
   34.56
   34.57
   34.40
   34.57
   34.30
   34.43
   34.72
   34.34
   35.18
   35.09
   34.49
   34.55
   34.41
   34.84
   34.44
   35.11
   34.56
   34.45
   34.54
   34.43
   34.54
   34.72
   34.68
   34.33
   34.77
   34.27
   34.49
   34.59
   34.57
   33.93
   34.55
   34.39
   34.04
   34.15
   34.67
   34.33
   34.69
   34.67
   34.61
   34.47
   34.52
   34.18
   34.46
   34.27
   34.17
   34.94
   34.44
   34.40
   34.57
   34.96
   34.79
   34.69
   34.36
   34.02
   34.65
   34.67
   34.70
   34.09
   34.39
   34.44
   34.67
   34.23
   34.54
   34.55
   34.49
   34.27
   34.62
   34.05
   34.69
   34.38
   34.48
   34.47
   33.91
   34.67
   34.29
   34.53
   34.41
   34.18
   34.94
   34.53
   34.30
   34.46
   34.54
   34.70
   34.59
   35.06
   34.35
   34.51
   34.30
   34.79
   34.16
   34.27
   34.40
   34.68
   34.75
   34.74
   34.66
   34.46
   34.41
   34.58
   34.05
   35.07
   34.63
   34.60
   35.24
   34.15
   33.99
   34.88
   35.12
   34.33
   34.76
   34.56
   34.70
   34.99
   34.40
   34.37
   34.80
   34.69
   34.27
   34.09
   34.34
   34.77
   34.00
   35.06
   34.68
   34.40
   34.52
   34.43
   34.35
   34.61
   35.20
   34.31
   34.45
   33.93
   34.52
   34.36
   34.70
   35.22
   34.61
   34.33
   34.45
   35.15
   35.12
   34.59
   34.80
   34.05
   34.96
   34.44
   34.68
   34.55
   34.38
   34.54
   34.54
   34.16
   34.49
   34.37
   34.35
   34.48
   34.39
   34.30
   34.17
   34.93
   34.59
   34.61
   34.38
   34.59
   34.56
   34.48
   34.46
   34.40
   34.39
   35.17
   34.48
   34.61
   34.41
   34.57
   35.13
   34.67
   34.63
   34.58
   35.00
   34.36
   34.41
   34.38
   34.44
   34.57
   34.20
   34.39
   34.34
   34.38
   34.65
   34.11
   34.95
   34.50
   34.38
   34.47
   34.55
   33.96
   34.29
   34.47
   35.22
   34.71
   34.63
   34.67
   34.52
   35.29
   34.12
   34.68
   34.38
   34.89
   34.44
   34.47
   34.53
   34.45
   33.88
   34.12
   34.60
   34.59
   34.49
   34.65
   35.14
   34.67
   34.40
   35.10
   34.57
   34.30
   34.37
   34.43
   34.26
   34.31
   34.39
   34.70
   34.20
   34.36
   34.64
   34.49
   34.65
   34.72
   34.96
   34.29
   34.20
   34.62
   34.72
   34.54
   34.63
   34.63
   34.45
   34.50
   34.51
   34.51
   35.13
   33.98
   33.83
   34.34
   34.26
   34.84
   34.42
   34.51
   35.13
   34.52
   34.44
   34.53
   35.15
   34.17
   34.48
   34.84
   33.82
   34.10
   34.66
   34.35
   34.66
   34.29
   35.07
   34.61
   34.87
   34.45
   34.88
   33.84
   34.62
   34.13
   34.75
   34.55
   34.51
   34.09
   34.12
   34.68
   35.14
   34.35
   34.39
   34.68
   34.38
   34.70
   35.13
   34.63
   34.67
   34.56
   34.32
   34.45
   34.55
   34.23
   34.47
   35.01
   35.19
   34.37
   34.08
   34.58
   34.41
   34.39
   34.76
   34.61
   34.48
   34.14
   34.48
   34.17
   34.67
   34.37
   34.08
   34.33
   34.10
   34.58
   34.72
   34.39
   34.28
   34.44
   34.77
   34.58
   34.43
   34.14
   34.66
   34.55
   34.37
   34.26
   34.35
   34.57
   34.44
   34.41
   34.44
   34.49
   33.86
   34.39
   34.31
   34.53
   34.77
   34.62
   34.47
   35.01
   34.69
   34.32
   33.89
   34.50
   34.64
   34.56
   34.40
   34.92
   34.37
   34.63
   35.11
   34.75
   34.57
   34.81
   34.56
   34.61
   34.75
   34.60
   34.62
   34.96
   34.39
   34.44
   34.52
   34.42
   34.21
   34.61
   34.36
   34.57
   34.58
   34.74
   34.72
   33.86
   34.49
   34.48
   34.17
   34.63
   34.58
   34.58
   35.02
   34.65
   34.95
   34.59
   34.09
   34.69
   34.96
   34.33
   34.21
   34.21
   35.25
   34.61
   34.38
   34.48
   34.54
   34.41
   35.01
   34.64
   35.12
   34.50
   34.13
   34.49
   34.72
   34.61
   34.04
   34.51
   34.39
   34.34
   34.57
   34.52
   34.64
   34.84
   34.28
   34.52
   34.27
   34.64
   34.93
   34.63
   34.25
   34.86
   34.21
   34.68
   34.64
   35.16
   34.61
   34.58
   34.60
   34.49
   34.40
   34.51
   34.44
   35.03
   35.00
   35.23
   34.52
   34.70
   34.52
   34.66
   34.53
   34.39
   33.87
   34.27
   33.85
   34.52
   34.66
   34.67
   34.55
   34.99
   34.63
   34.35
   34.52
   34.73
   35.07
   34.60
   34.76
   35.06
   34.53
   34.60
   34.49
   35.22
   34.60
   34.71
   34.09
   34.43
   33.84
   34.18
   34.47
   34.54
   34.66
   34.72
   35.08
   34.75
   34.33
   34.72
   34.49
   34.62
   34.41
   34.61
   34.48
   34.10
   34.72
   34.16
   34.18
   34.12
   34.48
   34.67
   34.41
   35.01
   34.58
   34.29
   34.35
   34.14
   34.55
   34.30
   35.22
   35.12
   34.61
   35.08
   35.20
   35.17
   34.77
   35.20
   34.65
   34.58
   34.64
   34.57
   34.42
   34.57
   34.57
   34.34
   34.10
   34.45
   34.13
   34.39
   34.71
   35.11
   34.46
   34.87
   34.66
   34.60
   34.60
   34.58
   34.64
   34.62
   34.53
   34.56
   34.36
   34.66
   34.63
   34.82
   34.54
   34.35
   34.45
   34.66
   34.76
   34.69
   34.81
   34.83
   34.22
   34.50
   34.70
   33.83
   34.18
   34.09
   34.40
   34.51
   34.32
   34.70
   34.65
   34.08
   34.31
   34.49
   34.28
   35.13
   34.55
   34.35
   35.09
   34.70
   34.57
   34.58
   34.14
   34.55
   34.12
   34.56
   34.62
   34.44
   35.19
   34.07
   35.08
   34.68
   34.34
   34.56
   34.54
   34.60
   34.48
   34.44
   34.66
   34.26
   34.23
   34.47
   35.01
   34.54
   35.18
   34.68
   34.49
   34.13
   34.29
   34.52
   35.05
   34.82
   34.51
   34.60
   34.64
   34.71
   34.47
   35.16
   35.14
   34.50
   34.11
   34.26
   35.02
   34.16
   34.32
   34.66
   34.50
   34.73
   34.54
   34.28
   34.44
   34.74
   34.09
   34.60
   34.49
   34.41
   34.76
   34.03
   34.40
   34.76
   34.16
   34.10
   34.48
   34.81
   35.11
   34.41
   34.59
   34.43
   34.74
   34.43
   34.59
   34.66
   34.61
   34.15
   34.64
   34.39
   34.10
   34.15
   34.69
   34.48
   34.79
   34.27
   34.68
   34.58
   35.03
   34.11
   34.32
   34.76
   34.40
   34.40
   34.74
   34.34
   34.14
   34.40
   34.50
   34.54
   34.42
   35.01
   34.95
   33.90
   34.49
   34.19
   34.51
   34.27
   34.26
   34.53
   34.31
   34.39
   33.80
   34.78
   34.81
   34.23
   34.25
   34.72
   34.83
   34.45
   34.68
   34.40
   34.57
   34.65
   34.54
   34.52
   35.04
   34.24
   34.39
   34.62
   33.94
   34.44
   34.53
   34.89
   34.60
   34.68
   34.64
   34.53
   35.10
   35.20
   34.52
   35.15
   34.49
   34.39
   34.34
   34.60
   34.39
   34.26
   34.64
   34.51
   34.62
   34.52
   34.89
   34.66
   34.29
   34.61
   34.21
   34.40
   34.19
   35.22
   34.79
   34.60
   34.38
   34.03
   34.55
   34.32
   34.00
   33.92
   34.85
   34.40
   34.56
   34.74
   33.83
   34.70
   35.11
   34.42
   34.45
   34.95
   34.14
   34.12
   34.55
   34.62
   34.92
   34.58
   34.26
   34.58
   34.46
   34.16
   34.37
   35.05
   34.63
   34.35
   35.03
   34.45
   34.47
   33.93
   35.06
   34.59
   34.10
   34.68
   34.06
   33.89
   34.69
   34.33
   34.61
   34.90
   34.50
   34.44
   34.63
   34.59
   34.87
   34.37
   34.94
   34.80
   34.65
   34.57
   34.40
   34.56
   34.19
   34.66
   34.39
   34.60
   35.11
   34.15
   34.64
   34.47
   34.65
   34.57
   35.09
   34.05
   34.36
   34.47
   35.10
   34.14
   34.70
   34.59
   34.52
   34.64
   34.61
   34.88
   34.49
   35.10
   34.91
   34.51
   34.16
   34.64
   34.67
   34.27
   34.83
   34.46
   34.55
   34.42
   34.63
   34.19
   34.41
   34.54
   34.57
   34.64
   34.39
   33.98
   34.71
   35.01
   34.64
   34.58
   33.87
   34.33
   33.88
   34.71
   34.54
   34.79
   34.50
   34.74
   34.50
   35.12
   33.88
   34.43
   34.56
   34.62
   34.38
   34.12
   34.67
   33.98
   34.48
   34.51
   34.39
   34.35
   34.17
   34.47
   34.66
   34.52
   34.02
   34.10
   35.09
   34.61
   34.48
   34.69
   34.58
   35.09
   34.12
   34.17
   34.58
   34.01
   34.34
   34.55
   35.16
   34.68
   34.55
   34.78
   34.49
   34.35
   34.90
   34.42
   34.62
   34.37
   34.44
   34.20
   34.39
   34.20
   34.58
   34.68
   34.75
   34.64
   34.47
   34.49
   34.38
   34.38
   33.98
   34.42
   34.46
   34.97
   34.12
   34.88
   34.15
   34.61
   35.10
   35.10
   34.59
   34.49
   34.58
   34.34
   34.48
   34.64
   34.89
   34.28
   34.29
   34.41
   34.25
   35.15
   34.48
   34.52
   34.44
   35.09
   34.64
   34.61
   34.87
   34.54
   34.25
   34.12
   34.50
   34.48
   34.31
   35.18
   34.61
   34.63
   34.60
   34.98
   34.13
   34.46
   34.59
   34.56
   35.02
   35.10
   34.67
   34.93
   34.53
   34.82
   34.30
   35.20
   33.95
   34.54
   34.41
   34.61
   35.01
   34.44
   34.10
   34.30
   35.01
   35.07
   34.67
   34.35
   34.46
   34.26
   34.07
   34.41
   34.39
   34.30
   34.70
   34.67
   34.66
   34.38
   34.70
   34.68
   34.76
   34.64
   34.94
   34.77
   35.09
   34.72
   35.13
   34.64
   34.33
   34.47
   33.81
   34.49
   34.47
   33.96
   35.15
   34.48
   34.50
   35.16
   34.51
   34.94
   34.34
   34.43
   34.66
   34.50
   34.65
   34.66
   34.96
   34.51
   34.37
   35.19
   34.57
   34.06
   34.55
   34.31
   34.43
   34.35
   34.53
   34.56
   34.68
   34.96
   34.58
   33.97
   33.97
   34.60
   34.57
   34.46
   34.30
   34.24
   34.68
   34.39
   34.59
   34.90
   34.98
   34.46
   34.56
   34.44
   35.04
   34.07
   34.66
   34.62
   34.53
   34.51
   34.44
   34.68
   34.03
   34.81
   34.76
   35.00
   35.06
   34.48
   34.66
   34.51
   34.52
   34.21
   34.56
   34.64
   34.62
   35.13
   34.53
   34.59
   35.08
   34.45
   34.43
   34.59
   34.93
   34.73
   34.73
   34.52
   34.32
   34.55
   34.40
   34.66
   34.57
   34.27
   34.53
   34.60
   34.60
   34.28
   34.60
   34.26
   34.22
   34.50
   34.74
   34.90
   33.92
   34.27
   34.32
   34.58
   34.41
   34.99
   34.66
   34.73
   33.90
   34.52
   34.36
   34.36
   34.69
   34.51
   34.38
   34.34
   34.72
   34.39
   34.28
   33.82
   34.44
   34.60
   34.39
   34.31
   34.57
   34.31
   34.45
   34.94
   34.25
   34.71
   34.35
   34.28
   34.43
   34.71
   34.59
   34.57
   34.17
   33.96
   34.59
   34.54
   34.55
   34.36
   34.37
   34.42
   34.01
   34.25
   34.58
   34.78
   34.52
   35.20
   34.57
   34.46
   34.09
   34.29
   34.61
   34.63
   35.28
   34.05
   34.63
   34.70
   35.05
   34.66
   34.48
   34.07
   35.15
   34.63
   34.68
   34.33
   34.66
   35.09
   33.94
   34.31
   35.16
   34.63
   34.63
   33.88
   34.77
   34.17
   35.03
   35.17
   34.45
   34.49
   34.64
   34.48
   34.62
   34.11
   35.13
   34.98
   34.68
   34.68
   34.59
   34.89
   34.46
   34.62
   35.10
   35.28
   34.69
   34.85
   35.09
   34.36
   34.68
   34.51
   34.45
   34.53
   34.41
   34.32
   34.35
   34.90
   34.62
   34.11
   34.57
   34.62
   34.43
   34.51
   34.38
   34.63
   35.15
   34.28
   35.04
   34.52
   34.90
   34.55
   34.30
   34.41
   34.56
   34.39
   34.85
   34.60
   34.96
   34.36
   34.61
   34.16
   34.56
   35.09
   33.89
   33.87
   34.74
   34.44
   34.11
   34.11
   34.42
   34.79
   34.47
   34.31
   34.53
   34.51
   35.06
   34.63
   34.35
   34.63
   33.96
   34.73
   34.46
   34.34
   34.30
   34.50
   34.73
   34.68
   34.42
   34.54
   34.34
   34.95
   34.57
   34.62
   34.72
   34.12
   35.21
   34.57
   34.71
   34.23
   34.58
   33.86
   34.70
   34.50
   34.25
   34.49
   34.18
   34.03
   34.19
   35.05
   34.64
   34.06
   34.64
   34.59
   34.52
   35.02
   34.52
   35.25
   34.47
   35.11
   34.67
   35.19
   34.23
   35.02
   34.37
   34.56
   34.70
   34.21
   34.95
   34.03
   35.17
   34.61
   34.32
   34.43
   34.38
   34.62
   35.14
   34.43
   35.24
   34.51
   34.02
   34.51
   34.66
   34.40
   34.54
   34.35
   35.01
   35.13
   34.09
   34.69
   34.38
   34.56
   34.65
   34.61
   33.84
   34.60
   34.54
   34.73
   35.20
   34.28
   34.48
   35.10
   34.30
   34.63
   34.56
   34.47
   34.08
   35.22
   35.14
   34.59
   34.12
   34.51
   34.30
   34.47
   34.71
   34.61
   34.65
   34.56
   34.54
   34.39
   34.94
   34.61
   34.03
   34.72
   34.49
   34.49
   34.35
   34.55
   34.37
   34.63
   34.56
   34.32
   34.45
   34.47
   34.47
   34.66
   34.79
   34.56
   34.06
   34.68
   34.51
   34.47
   33.97
   34.73
   34.88
   34.01
   34.58
   35.02
   34.40
   35.25
   34.00
   34.24
   34.63
   34.51
   34.86
   34.69
   34.41
   34.82
   34.49
   34.36
   34.51
   34.69
   34.53
   34.56
   33.97
   34.60
   34.35
   34.69
   34.27
   34.27
   34.38
   34.23
   34.06
   34.40
   34.66
   34.24
   35.06
   34.16
   34.75
   34.09
   34.58
   34.35
   34.84
   34.68
   34.32
   33.92
   34.41
   35.13
   34.28
   34.65
   34.59
   34.49
   34.24
   34.50
   34.16
   35.16
   34.58
   34.76
   34.41
   34.51
   35.11
   34.13
   34.37
   34.86
   34.39
   34.64
   34.53
   34.70
   34.57
   34.71
   34.52
   34.63
   34.67
   35.14
   34.55
   34.08
   34.47
   34.39
   34.53
   34.37
   34.43
   34.36
   34.56
   34.36
   34.14
   34.71
   33.93
   34.17
   34.31
   33.91
   34.49
   34.55
   34.67
   35.21
   35.01
   34.69
   34.29
   33.99
   34.31
   34.60
   34.53
   34.52
   34.21
   35.20
   33.96
   34.97
   34.35
   34.22
   34.19
   34.10
   34.85
   34.53
   34.36
   34.45
   34.30
   34.48
   34.61
   34.53
   34.28
   34.77
   34.68
   35.11
   34.78
   34.56
   34.68
   34.49
   34.59
   34.47
   34.45
   34.56
   34.13
   34.61
   34.31
   35.26
   34.11
   34.62
   34.46
   34.61
   34.32
   34.59
   34.48
   34.48
   34.84
   34.29
   34.57
   34.63
   34.34
   34.39
   34.44
   34.42
   34.15
   34.61
   34.86
   34.17
   34.27
   35.12
   34.63
   34.31
   34.97
   34.68
   34.41
   34.52
   34.59
   34.72
   34.15
   34.53
   34.41
   34.39
   35.17
   34.62
   33.86
   34.00
   34.94
   33.90
   34.37
   35.18
   34.40
   34.39
   34.27
   34.36
   34.53
   34.37
   35.13
   34.82
   33.97
   35.23
   34.38
   34.53
   34.49
   34.23
   34.71
   34.77
   34.98
   34.32
   34.62
   34.38
   34.41
   34.50
   34.65
   34.46
   34.34
   34.82
   35.06
   34.26
   34.23
   34.59
   35.12
   35.06
   34.36
   34.03
   34.62
   34.50
   34.59
   34.54
   34.44
   35.18
   34.68
   34.51
   34.36
   34.57
   35.25
   34.65
   34.25
   34.37
   34.73
   34.24
   34.40
   34.55
   34.51
   34.52
   34.52
   34.59
   34.28
   34.56
   34.41
   34.52
   34.90
   34.61
   34.18
   34.80
   34.03
   34.62
   34.19
   34.30
   34.53
   34.63
   34.42
   35.01
   34.47
   34.56
   34.68
   34.55
   35.08
   34.51
   34.48
   34.66
   35.01
   34.87
   34.87
   34.49
   34.81
   34.47
   34.45
   34.21
   34.58
   34.61
   35.05
   35.18
   34.51
   34.00
   34.59
   34.76
   34.68
   35.11
   34.57
   34.92
   34.39
   34.66
   34.56
   35.17
   34.75
   34.44
   34.13
   34.62
   34.50
   35.18
   34.40
   34.54
   34.32
   34.20
   34.72
   34.95
   34.59
   34.57
   34.19
   34.62
   34.50
   34.59
   35.06
   34.64
   35.19
   35.17
   34.69
   34.10
   35.01
   34.50
   34.44
   34.73
   34.53
   34.06
   34.70
   34.19
   34.10
   34.64
   35.10
   35.17
   34.43
   34.57
   34.35
   34.26
   34.41
   34.88
   34.14
   34.62
   34.55
   34.59
   34.38
   34.64
   34.67
   34.37
   34.57
   34.37
   34.40
   34.61
   34.46
   34.45
   34.35
   34.43
   34.31
   34.52
   34.43
   34.95
   34.12
   34.63
   34.43
   34.34
   34.04
   34.60
   34.08
   34.14
   34.55
   34.58
   34.97
   34.78
   34.13
   35.22
   35.22
   34.71
   34.67
   35.21
   34.59
   33.86
   34.54
   34.39
   35.22
   34.09
   34.14
   34.68
   34.56
   34.66
   34.50
   33.93
   34.27
   34.53
   34.77
   34.54
   34.87
   34.40
   34.34
   34.74
   34.92
   34.35
   35.02
   34.50
   34.48
   34.56
   35.10
   34.07
   34.70
   34.58
   34.78
   34.99
   34.55
   35.11
   34.39
   34.67
   34.55
   35.15
   34.99
   34.63
   34.54
   33.81
   34.58
   34.40
   34.59
   35.17
   34.83
   34.82
   34.65
   34.95
   34.36
   34.42
   34.08
   34.61
   34.68
   34.69
   35.08
   34.68
   34.66
   34.51
   34.37
   34.11
   34.83
   34.69
   34.43
   34.47
   34.69
   35.11
   34.73
   35.00
   34.95
   34.04
   34.37
   34.63
   34.11
   34.32
   34.75
   34.54
   34.14
   34.66
   34.95
   34.56
   34.55
   34.36
   35.07
   35.18
   34.96
   35.01
   35.10
   34.49
   34.40
   34.68
   34.75
   34.10
   35.09
   34.58
   34.56
   34.50
   34.51
   34.33
   35.12
   34.96
   34.45
   34.64
   34.79
   33.87
   34.31
   34.28
   34.48
   34.60
   34.71
   34.63
   34.86
   34.57
   34.55
   34.19
   34.53
   34.47
   34.03
   34.30
   34.43
   34.65
   34.48
   35.13
   35.10
   34.14
   34.33
   34.00
   34.32
   35.11
   34.51
   34.39
   34.08
   35.03
   34.51
   34.65
   34.58
   33.93
   34.21
   34.96
   34.06
   34.51
   34.66
   33.83
   34.30
   34.58
   34.69
   35.18
   34.59
   35.00
   34.14
   34.41
   34.52
   34.33
   33.92
   35.28
   34.75
   34.60
   34.09
   34.63
   34.36
   34.58
   35.20
   34.54
   34.68
   34.25
   34.59
   34.51
   34.38
   34.61
   34.18
   34.16
   34.73
   34.58
   34.71
   34.78
   34.60
   34.52
   34.99
   34.58
   34.25
   35.29
   34.54
   34.45
   34.68
   35.03
   35.21
   35.11
   34.47
   34.55
   34.58
   34.49
   34.66
   34.63
   34.33
   34.65
   34.58
   34.23
   33.80
   35.22
   33.80
   34.35
   34.61
   35.20
   34.02
   33.84
   34.29
   34.59
   33.84
   34.50
   34.39
   34.89
   33.83
   34.30
   34.67
   34.04
   34.32
   34.32
   34.64
   34.64
   34.20
   34.62
   34.17
   35.18
   34.54
   34.78
   34.29
   34.60
   34.70
   34.42
   34.74
   34.57
   34.04
   34.51
   34.35
   35.19
   34.64
   35.06
   34.27
   34.54
   34.15
   34.37
   35.16
   34.34
   34.60
   34.69
   34.46
   34.44
   34.37
   34.95
   34.35
   34.36
   34.49
   34.36
   34.29
   33.88
   34.55
   34.39
   34.99
   34.57
   34.63
   34.71
   34.61
   34.40
   34.40
   34.38
   34.44
   34.30
   34.58
   34.57
   33.89
   34.38
   34.70
   34.59
   34.73
   34.83
   34.78
   34.29
   34.26
   34.42
   34.63
   34.06
   34.12
   34.62
   35.28
   34.55
   34.71
   34.76
   34.33
   35.07
   34.50
   34.51
   34.32
   34.18
   34.22
   34.60
   35.16
   34.65
   34.49
   34.32
   34.31
   34.68
   35.06
   34.23
   34.62
   34.25
   34.72
   34.52
   34.49
   34.68
   34.38
   34.62
   34.48
   34.51
   34.52
   33.99
   34.36
   34.74
   34.54
   34.57
   34.39
   35.14
   34.34
   34.55
   34.97
   34.63
   34.46
   34.64
   34.62
   34.60
   34.51
   34.98
   34.88
   34.27
   33.81
   34.66
   34.36
   35.13
   34.32
   34.41
   33.90
   34.65
   34.28
   34.19
   33.89
   35.07
   34.59
   34.35
   34.70
   34.49
   33.98
   34.51
   34.41
   34.45
   34.52
   34.64
   34.54
   34.42
   34.15
   34.55
   34.50
   34.95
   34.33
   34.02
   34.57
   34.80
   34.76
   34.41
   34.47
   34.63
   34.57
   34.56
   34.10
   35.20
   34.23
   35.01
   34.55
   34.62
   34.48
   34.47
   34.54
   34.54
   34.02
   34.54
   34.51
   34.44
   34.60
   34.27
   34.58
   34.41
   34.45
   34.46
   34.65
   34.48
   34.23
   34.48
   34.14
   34.36
   33.98
   34.47
   34.60
   34.54
   34.49
   34.61
   34.53
   34.75
   34.31
   35.04
   34.37
   34.58
   34.61
   34.35
   34.45
   34.27
   34.03
   33.93
   34.38
   35.18
   34.44
   34.48
   34.93
   34.80
   35.06
   34.06
   34.25
   34.02
   35.12
   34.51
   34.45
   34.46
   34.71
   34.57
   35.04
   34.53
   34.39
   34.68
   34.52
   34.05
   34.05
   34.68
   34.09
   34.72
   34.53
   34.39
   34.56
   34.96
   34.34
   35.08
   35.05
   34.23
   34.39
   34.65
   34.42
   34.62
   35.12
   34.30
   33.85
   34.38
   35.23
   34.27
   34.70
   34.68
   34.57
   34.52
   35.16
   34.52
   34.49
   34.50
   33.90
   34.35
   34.63
   35.15
   34.42
   34.63
   34.59
   34.38
   35.12
   34.30
   34.94
   34.51
   34.43
   35.12
   34.15
   34.44
   34.43
   34.55
   34.58
   33.84
   35.17
   34.45
   34.45
   34.71
   34.06
   34.75
   34.11
   34.06
   35.14
   34.41
   35.21
   34.21
   34.28
   34.53
   34.69
   34.05
   34.44
   34.45
   34.53
   34.38
   34.39
   34.05
   34.40
   34.85
   34.59
   33.89
   34.48
   34.28
   35.18
   34.66
   34.31
   35.16
   34.66
   34.68
   35.12
   34.41
   34.16
   34.55
   35.08
   34.67
   35.07
   34.51
   34.40
   34.34
   34.55
   35.27
   33.81
   34.42
   34.34
   34.43
   34.52
   34.59
   34.69
   34.56
   34.30
   34.42
   34.70
   34.34
   34.29
   34.04
   34.33
   34.43
   34.20
   34.53
   34.64
   34.55
   35.19
   34.43
   34.50
   34.66
   34.35
   34.15
   34.13
   34.61
   34.93
   34.35
   34.40
   34.36
   34.57
   35.08
   34.19
   34.30
   34.51
   34.91
   34.50
   34.48
   34.60
   35.18
   34.34
   34.39
   34.45
   34.55
   34.48
   33.97
   34.43
   34.69
   35.20
   34.38
   34.55
   34.96
   34.41
   34.63
   34.70
   35.20
   34.12
   34.39
   34.64
   34.59
   34.99
   35.07
   34.66
   34.45
   35.26
   34.82
   34.53
   34.39
   35.13
   34.37
   34.63
   34.26
   34.57
   34.76
   34.44
   34.29
   34.14
   34.69
   34.36
   35.09
   34.47
   34.64
   34.52
   34.60
   34.53
   34.75
   34.97
   34.57
   34.59
   34.03
   34.51
   34.05
   34.56
   34.55
   34.74
   34.33
   34.63
   33.95
   34.87
   34.70
   34.56
   34.34
   34.19
   34.64
   34.73
   34.56
   34.92
   34.31
   34.55
   34.41
   34.73
   34.46
   34.64
   33.82
   34.34
   34.24
   34.24
   34.33
   34.11
   34.82
   34.43
   34.51
   34.64
   34.50
   34.87
   34.47
   35.07
   34.90
   34.40
   35.02
   34.81
   34.89
   34.36
   35.24
   34.55
   34.16
   34.52
   33.98
   34.93
   34.99
   33.92
   33.95
   34.15
   34.56
   34.47
   34.07
   34.37
   34.64
   33.96
   34.52
   34.67
   34.43
   34.67
   34.60
   34.71
   34.06
   34.50
   35.17
   34.62
   34.65
   35.23
   34.39
   34.61
   34.08
   34.52
   34.43
   34.39
   34.34
   34.44
   34.30
   34.51
   35.18
   34.37
   34.55
   34.41
   34.30
   34.97
   34.50
   34.39
   35.18
   34.61
   34.13
   34.32
   34.28
   34.42
   34.29
   34.48
   34.43
   34.51
   34.31
   35.17
   35.04
   34.24
   34.58
   34.77
   34.58
   34.42
   34.60
   34.60
   34.38
   34.43
   34.38
   35.00
   34.52
   33.89
   35.06
   34.43
   34.51
   34.22
   34.30
   35.06
   35.19
   34.63
   34.45
   34.61
   34.18
   34.55
   34.56
   34.64
   34.25
   34.83
   34.47
   34.67
   33.83
   34.82
   34.58
   34.60
   33.91
   34.16
   34.96
   34.65
   33.88
   34.51
   34.62
   34.26
   34.58
   34.33
   34.44
   34.68
   34.79
   34.17
   34.82
   34.03
   34.42
   34.61
   34.93
   34.07
   34.56
   34.55
   34.39
   35.04
   34.66
   34.00
   34.65
   34.65
   35.09
   34.53
   35.28
   34.38
   34.37
   34.77
   34.04
   34.50
   34.72
   34.40
   34.16
   34.58
   34.55
   34.47
   34.31
   34.49
   34.65
   33.88
   34.79
   34.31
   34.24
   34.45
   33.81
   34.47
   34.00
   34.54
   34.59
   34.73
   34.40
   34.67
   34.48
   34.61
   34.41
   34.61
   34.73
   34.28
   34.64
   35.18
   34.54
   35.14
   34.43
   35.15
   34.33
   34.35
   34.30
   34.74
   34.71
   34.34
   34.48
   34.50
   34.30
   35.17
   34.34
   34.39
   34.39
   34.99
   34.55
   34.42
   34.49
   33.90
   34.86
   35.10
   35.16
   34.69
   34.16
   34.62
   34.26
   34.18
   34.39
   34.64
   34.61
   34.74
   34.00
   35.11
   34.59
   34.45
   34.63
   35.12
   35.18
   34.37
   34.56
   34.71
   34.39
   34.36
   34.50
   34.32
   34.51
   34.55
   34.63
   34.41
   34.43
   34.28
   34.71
   34.57
   33.92
   34.17
   34.44
   34.30
   34.41
   34.47
   34.42
   34.54
   34.45
   34.37
   35.12
   34.70
   34.58
   35.14
   34.19
   34.62
   34.42
   34.84
   34.34
   34.81
   35.19
   33.85
   34.39
   34.11
   35.17
   34.50
   34.02
   34.49
   34.74
   35.11
   34.38
   34.28
   34.39
   34.51
   34.79
   34.61
   34.60
   34.55
   34.42
   34.58
   34.69
   34.40
   34.65
   34.55
   34.27
   34.59
   34.61
   34.35
   34.54
   34.45
   34.73
   34.31
   34.75
   34.55
   34.23
   34.11
   35.08
   34.77
   34.53
   34.60
   33.96
   34.62
   34.40
   34.71
   34.43
   34.41
   34.47
   33.89
   34.61
   35.04
   34.92
   34.98
   34.44
   34.52
   34.47
   34.68
   35.23
   34.53
   34.61
   34.45
   35.07
   34.38
   34.48
   35.01
   34.69
   34.48
   34.48
   34.66
   34.42
   34.37
   34.96
   34.17
   34.36
   34.50
   35.14
   34.94
   34.49
   34.37
   34.80
   34.84
   34.45
   34.47
   34.64
   34.39
   34.21
   35.13
   34.27
   34.61
   33.99
   34.65
   34.57
   34.64
   34.48
   34.40
   34.49
   34.39
   34.59
   34.71
   34.54
   34.75
   34.43
   34.58
   34.18
   34.50
   34.31
   34.47
   34.13
   34.65
   35.16
   34.57
   34.69
   34.35
   33.90
   34.69
   34.36
   34.60
   34.39
   34.41
   34.52
   34.77
   34.49
   34.62
   34.06
   34.63
   34.50
   33.85
   34.16
   34.74
   34.19
   34.76
   34.11
   34.00
   34.47
   35.17
   34.65
   34.51
   34.58
   34.58
   34.39
   34.38
   34.61
   34.76
   34.95
   34.51
   34.59
   34.98
   34.27
   33.91
   34.39
   34.30
   35.15
   34.64
   35.16
   33.84
   34.51
   34.50
   34.21
   34.13
   34.73
   34.49
   34.63
   34.54
   34.60
   35.04
   34.56
   34.67
   34.50
   34.63
   34.76
   35.17
   34.99
   34.45
   34.60
   34.68
   34.08
   34.72
   34.74
   34.32
   35.07
   34.28
   34.64
   34.60
   34.10
   34.60
   34.34
   34.50
   34.58
   33.84
   34.43
   34.28
   34.41
   34.34
   34.39
   34.96
   34.34
   34.38
   35.02
   34.14
   34.58
   34.02
   34.25
   34.38
   35.21
   34.57
   34.53
   34.30
   34.32
   34.03
   34.25
   34.77
   34.55
   34.65
   34.29
   34.34
   34.60
   34.77
   34.58
   34.80
   34.57
   34.19
   34.28
   34.50
   34.56
   34.48
   34.04
   34.70
   34.61
   34.18
   33.82
   34.65
   34.34
   34.48
   34.46
   34.62
   34.57
   34.51
   34.89
   34.64
   34.59
   34.59
   34.15
   34.87
   34.30
   34.50
   34.75
   34.35
   34.72
   34.65
   34.49
   34.46
   34.42
   34.43
   34.55
   34.15
   34.14
   34.43
   34.39
   34.97
   34.60
   34.50
   34.86
   34.33
   34.94
   34.55
   34.62
   34.48
   33.94
   35.20
   34.89
   34.76
   34.27
   34.30
   34.69
   34.85
   35.05
   34.20
   34.22
   34.34
   34.05
   35.10
   34.43
   34.46
   34.39
   34.56
   34.66
   34.62
   34.19
   34.41
   34.59
   34.59
   34.33
   34.54
   34.47
   34.42
   34.51
   34.47
   34.10
   34.32
   34.63
   35.09
   34.65
   34.55
   34.92
   33.90
   35.14
   34.42
   34.66
   34.79
   35.08
   34.28
   34.64
   34.50
   34.62
   34.59
   34.43
   34.71
   34.63
   34.47
   34.25
   34.56
   34.06
   35.04
   35.01
   34.26
   34.99
   34.56
   35.12
   34.38
   34.32
   34.91
   34.52
   34.36
   34.48
   35.19
   34.68
   35.09
   34.88
   34.44
   34.14
   34.50
   34.56
   33.98
   34.19
   34.19
   34.63
   34.56
   34.35
   34.33
   34.23
   34.41
   34.62
   34.69
   34.17
   35.11
   34.49
   33.99
   34.44
   34.38
   34.47
   34.11
   34.52
   34.55
   35.20
   34.31
   34.51
   35.05
   34.62
   34.50
   34.51
   35.21
   33.99
   34.69
   34.32
   34.66
   34.20
   34.12
   34.04
   34.69
   34.55
   34.68
   34.78
   34.71
   34.33
   33.93
   34.54
   34.63
   35.00
   34.34
   34.42
   34.95
   34.63
   34.09
   34.55
   34.03
   34.58
   34.42
   34.67
   34.36
   34.56
   34.19
   34.18
   34.64
   34.44
   34.09
   34.70
   34.08
   33.91
   34.60
   34.53
   35.03
   34.56
   34.73
   34.44
   34.40
   34.27
   34.32
   35.10
   34.29
   34.16
   34.60
   34.67
   34.36
   34.61
   34.63
   34.67
   34.64
   34.75
   33.89
   34.51
   34.20
   34.47
   34.75
   34.46
   34.39
   34.66
   34.46
   34.60
   34.63
   34.35
   34.49
   34.65
   34.10
   35.15
   34.57
   34.56
   34.03
   34.61
   34.60
   34.61
   34.30
   34.49
   34.63
   34.54
   34.60
   35.10
   34.91
   33.80
   34.44
   34.30
   34.56
   34.88
   34.36
   34.68
   34.65
   34.32
   34.72
   34.49
   34.45
   34.54
   34.50
   34.04
   33.87
   34.59
   34.64
   34.44
   34.79
   34.83
   34.38
   34.59
   34.53
   34.73
   34.49
   34.79
   34.54
   34.40
   34.53
   34.18
   34.51
   34.74
   34.60
   34.39
   34.63
   34.56
   34.57
   34.39
   34.35
   34.69
   34.50
   33.88
   34.50
   34.78
   34.24
   34.53
   34.48
   34.07
   34.59
   34.78
   34.45
   34.48
   34.45
   34.95
   34.43
   34.13
   34.32
   34.68
   34.53
   33.97
   34.62
   34.69
   34.66
   34.42
   35.07
   34.18
   34.55
   34.70
   34.21
   34.72
   34.67
   34.68
   34.35
   34.19
   34.68
   34.62
   34.65
   35.07
   34.52
   34.32
   34.46
   34.52
   34.29
   34.42
   35.16
   34.16
   34.33
   34.31
   34.56
   34.79
   34.13
   34.11
   34.00
   34.58
   34.54
   34.91
   34.61
   34.52
   34.56
   34.61
   34.57
   34.56
   34.70
   34.70
   35.16
   34.59
   33.84
   34.95
   34.95
   34.47
   34.66
   35.10
   33.93
   34.75
   34.87
   34.55
   34.12
   34.56
   34.64
   34.46
   34.53
   34.28
   34.59
   34.90
   35.07
   33.87
   34.59
   34.37
   34.49
   34.01
   34.55
   34.39
   34.32
   34.36
   34.21
   34.81
   35.08
   34.41
   34.76
   34.66
   34.97
   34.49
   34.72
   34.98
   34.42
   34.48
   34.41
   34.84
   34.49
   34.53
   34.06
   34.50
   34.59
   34.19
   34.25
   34.29
   34.03
   34.14
   34.64
   34.87
   34.07
   34.55
   34.09
   34.35
   34.74
   34.46
   34.46
   35.03
   34.66
   34.64
   34.68
   34.52
   34.43
   34.34
   34.63
   34.98
   34.58
   34.43
   35.17
   34.76
   34.67
   34.29
   34.28
   34.78
   34.52
   34.55
   34.18
   35.00
   34.23
   34.43
   34.32
   34.55
   34.22
   34.15
   34.73
   34.38
   33.93
   34.63
   34.51
   34.49
   34.33
   34.27
   34.33
   33.94
   34.59
   34.60
   34.41
   35.08
   34.07
   34.70
   34.51
   34.56
   34.75
   35.14
   34.32
