  -13.51
  -19.06
  -15.97
  -15.06
  -17.13
  -12.03
  -22.10
  -15.83
  -24.23
  -17.73
  -13.18
  -18.37
  -12.92
   -8.94
  -15.32
  -14.40
  -15.08
  -18.45
  -15.43
  -18.95
  -19.06
  -22.78
   -8.91
  -14.66
  -21.34
  -25.74
  -17.37
  -11.44
  -11.86
  -19.97
  -13.73
  -19.59
  -29.95
  -18.85
  -16.19
  -13.33
  -17.25
  -16.60
  -15.52
  -13.31
  -21.89
  -17.07
  -19.32
  -16.08
  -23.95
  -12.09
  -17.75
  -16.95
  -10.98
  -29.15
  -21.26
  -11.55
  -11.34
  -15.67
   -7.95
  -17.00
  -16.08
  -15.66
  -29.80
  -10.41
  -11.57
  -24.35
  -16.21
   -6.90
  -16.03
  -10.53
  -10.99
  -11.99
  -14.11
  -16.88
  -16.63
  -14.08
  -14.14
  -13.61
  -33.61
   -7.62
  -11.94
   -9.55
   -8.62
  -16.97
  -24.85
  -15.27
  -10.70
  -13.98
  -25.12
  -19.75
  -18.75
  -21.76
   -9.96
  -14.26
  -19.84
  -14.99
  -12.35
  -30.46
  -15.32
  -12.98
  -12.29
  -17.75
  -12.84
  -10.24
   -6.99
  -10.40
  -15.25
   -8.18
  -16.62
   -9.51
   -8.76
  -14.89
  -15.56
   -9.58
  -18.19
  -17.40
  -19.36
  -24.85
  -13.23
  -14.66
  -13.25
  -18.00
  -24.54
  -21.49
  -13.42
  -12.52
  -22.15
  -15.41
  -17.59
  -13.13
  -18.98
   -7.06
  -17.12
  -17.80
  -27.42
  -17.63
  -16.56
  -15.24
  -20.56
  -17.41
  -12.66
  -20.18
  -18.01
   -7.48
  -34.47
  -30.85
  -19.37
  -16.72
  -14.40
  -13.37
  -16.89
   -6.38
  -16.15
  -20.81
  -16.17
  -11.42
  -12.56
  -30.32
  -12.78
  -14.16
  -15.28
  -13.02
  -17.12
  -15.96
  -18.91
  -14.36
  -16.77
  -18.50
  -10.46
  -17.44
  -14.56
  -30.27
   -6.34
   -9.74
  -19.40
  -17.01
   -9.88
  -21.12
  -10.32
  -14.33
  -10.66
  -13.78
  -35.00
  -21.68
  -20.20
  -18.43
  -11.85
  -20.54
  -17.04
  -12.09
  -21.51
  -16.33
  -16.97
  -14.53
  -12.74
  -13.83
  -12.09
  -19.36
  -20.21
  -15.93
  -17.69
  -19.45
  -34.16
  -17.60
  -17.79
   -9.27
  -13.48
  -13.55
  -16.27
  -12.39
  -20.94
  -15.03
  -10.66
  -14.66
  -14.22
  -23.55
  -15.92
  -11.53
  -16.93
  -19.46
  -16.42
  -20.28
  -15.94
  -15.43
  -36.59
  -16.73
  -14.41
  -31.28
  -28.26
  -15.66
  -12.61
  -33.58
   -9.69
  -13.06
  -17.71
  -13.39
   -9.99
   -8.73
  -18.11
  -10.78
  -14.29
  -12.58
  -25.24
  -12.94
  -33.83
  -12.77
  -22.19
  -14.67
  -14.16
  -17.64
  -16.86
  -13.74
  -15.95
  -15.30
  -17.96
  -13.66
   -7.81
  -15.83
   -6.59
  -19.02
  -17.40
  -14.19
  -16.92
  -12.95
  -11.24
  -20.69
  -18.17
  -24.56
  -10.95
   -6.71
  -13.38
  -19.88
  -16.47
  -11.20
  -32.82
  -15.00
   -8.95
   -7.14
  -15.07
  -15.20
  -10.57
   -9.32
  -13.88
  -14.08
  -14.62
  -22.01
  -14.69
   -9.46
  -12.88
  -18.20
  -14.24
  -14.06
  -17.90
  -15.52
  -16.06
  -13.25
  -14.87
  -10.53
  -24.37
  -11.74
  -12.90
  -17.88
  -12.90
  -14.12
  -14.26
  -17.32
  -13.68
  -11.23
  -13.29
  -26.28
  -15.78
  -12.91
  -17.20
  -20.86
  -15.61
  -10.72
  -20.88
  -11.54
  -19.44
  -10.54
  -19.16
  -18.02
  -12.49
  -11.12
  -11.75
  -13.57
  -14.03
  -15.32
  -16.31
  -10.97
  -36.06
  -10.16
  -11.90
  -13.60
  -33.72
   -9.82
  -16.98
  -16.54
  -16.18
  -14.42
  -17.59
  -16.75
  -27.57
  -20.38
  -14.68
  -10.27
  -15.74
  -14.12
  -16.86
  -14.33
  -15.86
  -21.34
  -19.31
   -9.52
  -26.18
   -7.36
  -19.53
  -14.76
  -16.97
  -11.23
  -19.92
  -17.34
   -8.89
   -9.18
  -22.04
   -9.81
  -27.76
  -14.39
  -23.42
  -17.76
  -14.35
  -11.62
  -20.00
  -18.25
  -21.77
  -18.31
  -14.03
  -13.41
  -15.69
  -11.49
  -10.91
  -13.60
  -10.35
  -24.70
  -15.28
  -14.85
  -13.53
   -9.44
  -16.99
  -22.20
  -10.09
  -20.51
  -16.11
  -20.84
  -19.36
  -12.39
  -14.75
  -13.07
  -16.02
  -19.70
  -18.93
  -16.59
  -12.18
   -6.37
  -15.35
  -11.91
  -16.83
  -15.62
  -12.84
  -12.39
   -8.63
  -13.86
  -10.68
  -20.72
  -14.96
   -5.85
  -12.07
  -12.70
   -7.78
  -21.91
  -19.54
  -16.00
  -10.52
   -8.55
  -18.49
  -12.30
  -15.61
  -19.80
  -14.86
  -18.41
  -18.42
  -18.44
  -15.79
  -11.09
  -13.64
  -17.32
  -14.62
  -16.16
  -16.84
   -9.95
  -15.87
  -14.19
   -9.32
  -11.87
  -19.17
  -19.75
  -15.80
  -12.98
  -18.09
  -13.07
  -15.47
  -18.18
   -9.16
  -19.76
  -10.77
  -10.25
   -9.60
  -15.57
   -8.36
  -27.12
  -26.39
  -11.11
  -25.49
   -7.51
  -15.22
  -20.62
  -18.88
  -20.58
  -19.98
  -20.35
  -14.88
  -26.75
  -18.36
  -17.46
  -15.58
  -17.89
  -19.89
  -18.07
   -8.35
  -11.94
  -15.31
  -10.22
  -16.76
  -14.08
  -14.43
  -15.96
  -20.39
  -13.91
   -7.82
  -16.69
  -16.29
  -16.66
  -16.01
  -19.66
   -9.55
  -14.29
   -8.31
  -18.64
  -11.22
  -13.96
  -10.55
  -19.72
   -8.10
   -9.07
  -16.69
  -19.48
  -15.47
  -15.23
  -16.93
  -16.45
  -15.58
  -16.49
  -21.13
  -10.33
  -17.49
   -6.59
  -12.96
  -10.84
  -11.29
  -24.52
  -13.28
  -15.20
  -19.04
  -12.65
  -19.61
  -24.02
   -7.99
  -18.92
  -19.75
  -18.98
  -44.48
  -28.54
  -13.65
  -20.73
  -16.81
  -17.59
  -14.34
  -13.09
  -16.13
  -16.25
  -12.82
  -19.87
  -14.18
   -7.04
  -10.07
  -10.75
  -14.45
  -21.19
   -9.55
  -17.58
  -18.68
  -10.49
  -16.51
  -21.47
  -20.47
  -17.64
  -19.15
  -15.72
  -16.16
  -24.04
  -24.13
  -11.27
  -21.77
  -15.25
  -14.28
  -23.57
  -37.80
  -11.48
  -20.85
  -15.26
  -35.78
  -14.68
  -19.07
  -16.11
   -9.80
  -14.76
  -18.14
  -13.17
  -11.90
  -16.18
  -18.71
  -30.73
   -9.73
  -14.32
  -16.90
  -15.86
   -9.94
   -9.21
  -23.62
  -16.48
  -15.39
  -16.39
  -16.03
  -22.57
  -20.15
  -10.77
  -18.99
  -12.08
  -11.41
  -16.92
  -17.81
  -17.42
  -13.12
  -12.11
  -13.25
  -16.98
  -15.93
  -14.89
   -8.19
  -32.20
  -13.65
  -29.72
  -21.15
  -18.97
  -24.40
   -9.15
  -11.53
  -17.00
  -28.38
  -16.53
  -21.77
  -17.67
  -15.98
  -16.46
   -7.99
  -11.91
  -13.48
  -12.68
  -17.60
  -16.16
   -8.66
   -6.08
   -9.06
  -17.62
  -19.12
  -14.85
  -17.59
  -16.63
  -10.74
  -18.32
  -14.97
  -15.53
  -18.20
  -13.31
  -13.15
  -20.52
  -13.80
  -45.41
  -16.58
   -9.85
  -12.77
  -15.82
  -15.53
  -19.21
  -10.11
  -14.95
  -20.62
  -17.95
  -10.79
  -20.91
  -14.88
  -11.71
  -15.18
  -16.36
  -17.16
   -9.80
  -12.69
  -22.49
  -15.52
  -13.05
  -12.28
  -15.82
  -21.12
  -13.57
  -12.39
  -16.43
  -16.70
  -14.25
  -12.15
  -12.77
  -13.76
  -17.19
   -9.35
  -13.59
  -36.70
  -21.33
  -13.33
   -7.58
  -33.10
  -20.51
  -14.81
  -16.35
  -28.75
  -14.98
  -15.45
  -13.15
  -12.38
  -15.76
  -17.78
  -13.03
  -10.19
  -14.06
  -15.80
  -15.37
  -16.91
  -15.71
  -17.16
  -16.38
  -21.75
  -12.11
  -22.00
  -10.33
  -13.53
  -17.52
  -19.03
  -18.39
  -26.32
  -17.61
  -13.32
   -6.64
   -7.06
   -9.05
  -10.62
  -10.11
  -17.00
  -12.61
  -22.32
  -25.18
  -15.15
  -14.83
   -8.49
  -17.19
  -15.40
  -15.23
  -19.32
  -19.32
  -17.23
  -16.20
  -33.10
  -17.64
  -16.14
  -18.80
  -12.79
  -13.81
  -11.12
  -16.26
  -11.62
  -14.45
  -31.62
  -23.41
  -16.65
  -20.54
  -32.74
  -17.95
  -13.10
  -27.06
  -10.75
   -6.65
  -16.13
  -17.07
  -13.60
  -14.03
  -18.19
  -16.78
  -28.30
   -9.35
  -25.75
   -6.78
  -12.31
  -12.58
  -16.79
  -13.05
  -29.11
  -20.45
  -13.92
  -15.44
  -11.90
  -16.72
  -15.14
  -20.84
  -21.65
  -20.14
  -15.06
  -14.44
  -17.79
  -23.96
   -6.76
  -18.02
  -26.60
  -20.59
  -18.18
  -15.17
  -13.88
  -19.87
  -37.06
  -16.88
  -19.13
  -14.24
  -14.69
  -16.18
  -11.53
  -13.72
  -23.57
  -18.02
  -18.65
  -26.34
  -19.91
  -11.90
  -14.09
  -15.32
   -7.29
  -18.78
  -16.98
  -17.02
  -17.56
  -13.92
  -17.84
  -14.19
  -13.30
  -20.69
  -30.72
   -7.42
  -14.64
  -18.92
  -10.32
  -22.29
  -33.51
  -19.06
  -14.49
   -8.39
  -22.27
  -13.14
   -9.88
  -22.36
  -22.55
  -13.81
  -15.17
  -15.69
  -17.10
  -14.70
  -18.26
  -19.50
  -19.31
  -12.14
   -8.26
  -13.23
  -14.99
  -15.88
  -12.63
  -10.36
  -15.35
  -16.88
  -30.54
  -12.29
  -15.48
  -20.16
   -9.66
  -13.74
  -14.14
  -20.05
  -12.68
  -25.18
  -23.31
  -11.50
  -15.07
  -10.73
  -20.54
  -17.99
  -20.20
  -10.33
  -33.96
  -17.22
  -11.21
  -15.69
  -11.52
  -10.49
  -16.56
  -15.10
  -12.44
  -11.44
  -17.52
  -20.73
  -16.98
  -33.38
  -28.33
  -25.67
  -13.41
  -14.50
  -16.41
  -25.69
  -20.90
  -37.47
  -13.27
  -19.27
  -18.93
  -20.06
  -13.36
  -24.52
   -8.93
  -12.73
  -13.46
  -14.32
  -11.66
  -11.35
  -11.70
  -19.66
  -16.54
  -18.52
   -9.70
   -9.75
  -21.42
   -8.67
  -12.72
  -11.19
  -19.40
  -17.73
  -15.69
  -14.95
  -14.74
  -17.53
  -22.85
   -9.42
   -8.81
  -15.07
  -15.69
  -10.11
  -25.37
  -23.70
  -21.95
  -14.48
  -17.18
  -30.18
  -13.68
  -14.77
  -14.67
  -16.31
   -9.98
  -12.28
  -18.38
  -22.89
  -14.53
  -14.97
  -11.27
  -17.63
  -17.92
  -11.94
  -17.01
  -17.54
  -12.55
  -22.55
  -19.26
   -9.61
  -14.55
   -9.71
  -20.79
  -18.14
  -12.75
  -14.96
  -17.15
   -8.87
  -21.99
  -10.01
  -13.86
  -14.56
  -22.03
  -12.24
  -14.52
  -20.36
  -15.07
  -13.92
  -21.33
  -14.58
  -16.26
  -13.72
  -15.70
  -25.40
   -9.42
  -15.02
  -22.22
  -11.54
  -11.92
  -17.61
   -8.41
  -12.87
  -14.66
  -14.00
  -16.70
  -15.35
  -12.22
  -14.67
   -6.17
  -13.93
   -8.55
  -15.03
  -15.84
  -17.84
  -22.06
  -13.60
  -13.85
  -16.49
  -10.81
  -15.54
   -9.71
  -21.20
  -13.96
  -14.05
  -16.68
  -20.20
  -16.61
  -19.76
  -16.43
  -17.11
  -14.30
  -12.75
  -14.64
  -11.15
  -33.61
  -12.32
  -23.17
  -16.28
   -9.97
  -18.33
  -11.88
  -19.93
  -18.10
  -18.37
  -15.68
   -8.84
  -11.14
  -23.44
  -11.01
  -22.43
  -18.34
  -19.39
  -16.24
  -20.30
  -20.51
  -17.82
   -8.39
   -9.49
  -18.25
  -14.47
  -16.10
  -16.21
  -14.38
  -13.92
  -10.07
  -11.25
  -21.86
  -19.95
  -19.30
  -16.21
  -17.19
  -14.28
  -17.15
  -14.78
  -11.56
  -19.35
  -21.18
  -17.97
  -18.74
  -18.32
  -13.20
  -10.35
  -18.36
  -12.85
  -23.54
  -23.38
  -17.12
  -27.30
  -16.65
  -18.01
   -9.23
  -13.16
  -11.76
  -14.47
  -11.21
  -16.38
  -17.74
  -15.60
   -9.45
  -14.55
  -17.01
  -10.54
  -12.13
  -14.01
  -16.98
  -18.11
  -19.39
  -21.39
  -10.19
  -10.10
  -16.52
  -12.33
  -13.46
  -23.13
  -29.83
  -22.69
  -10.32
  -15.21
  -39.92
  -12.73
  -44.18
  -23.70
  -17.10
  -18.50
  -19.15
  -17.09
  -14.05
  -12.37
  -17.06
  -14.93
  -21.04
  -18.70
  -14.97
  -14.37
  -13.55
  -15.29
  -16.22
  -12.52
  -15.79
  -13.36
  -14.83
  -19.51
   -8.17
  -15.90
  -11.09
  -12.06
  -11.07
  -16.94
  -19.19
  -13.05
  -18.50
  -15.55
  -14.72
  -22.64
  -27.51
   -9.21
   -9.36
  -12.28
   -7.90
  -14.50
  -10.22
  -14.28
  -14.25
  -17.98
  -17.30
  -18.36
  -13.99
  -11.81
  -10.46
  -14.14
  -24.30
   -8.71
  -23.64
  -15.68
  -13.05
  -18.78
  -17.19
  -18.75
   -9.13
   -9.95
  -17.86
  -16.17
  -20.67
  -29.23
  -20.90
  -12.35
  -15.98
  -22.16
  -14.31
  -12.73
  -24.01
  -11.71
  -19.19
  -18.36
  -11.10
  -12.03
  -13.40
  -11.87
  -20.90
  -15.51
   -7.99
   -7.98
  -27.26
  -13.95
  -16.88
  -27.07
  -14.94
  -13.59
  -14.18
  -16.11
  -16.89
  -13.07
  -16.50
  -19.53
  -11.22
   -6.69
  -13.31
  -14.49
  -17.19
  -13.24
   -9.20
  -25.83
  -18.29
  -29.00
  -19.24
  -16.33
  -20.03
  -12.49
  -15.51
  -16.15
  -16.57
  -22.81
  -18.52
  -12.30
  -11.26
  -16.31
  -16.68
  -13.57
  -15.88
  -12.96
  -11.93
  -21.90
  -11.88
  -11.13
  -28.48
  -13.63
  -14.71
  -13.77
  -13.59
  -10.19
  -19.94
  -17.90
  -14.86
  -13.30
  -14.28
  -29.92
  -14.87
   -9.63
  -17.03
  -13.54
  -16.59
  -14.79
  -11.11
  -15.43
  -13.08
  -11.92
  -17.86
  -18.32
  -19.84
  -13.25
  -20.44
   -7.24
  -22.93
  -26.16
  -19.77
  -20.22
  -10.22
  -17.74
  -11.63
  -16.36
  -15.26
  -16.75
  -14.04
  -23.23
  -16.17
  -27.71
   -8.56
  -21.17
  -14.72
  -10.62
  -14.25
  -14.52
  -20.53
  -16.89
  -19.84
  -10.59
  -15.06
   -8.47
  -22.18
  -17.72
  -14.40
  -16.89
  -24.82
  -17.06
  -19.05
  -12.77
  -16.34
  -12.17
  -12.22
  -16.95
   -7.60
  -15.36
  -16.00
  -18.19
  -17.39
  -20.89
  -12.01
  -19.57
  -11.57
  -13.99
  -17.69
  -16.74
  -17.50
  -13.63
  -15.31
  -26.05
  -17.08
  -15.76
  -14.20
  -12.96
  -19.28
  -15.25
  -43.28
  -12.87
  -12.78
  -16.74
  -12.64
  -17.44
  -42.15
  -12.70
  -11.89
  -14.58
  -18.85
  -26.52
  -22.79
  -19.59
  -15.94
  -17.37
  -12.51
  -12.33
  -14.16
  -15.90
  -13.60
  -15.37
  -22.73
  -18.84
  -14.83
  -16.86
  -13.78
  -18.40
  -12.40
  -15.21
  -17.16
   -9.42
  -11.06
  -17.34
   -8.97
  -18.29
  -16.28
  -12.77
  -19.19
  -14.18
  -18.38
  -12.36
  -35.72
  -13.39
  -15.14
  -11.43
  -20.36
   -8.66
  -18.82
  -10.55
  -14.73
  -13.52
  -19.72
  -10.23
  -14.93
  -17.03
  -26.70
  -11.83
  -20.77
  -26.35
  -11.05
  -15.25
   -7.56
   -9.10
  -12.58
  -17.32
   -8.26
   -9.73
  -18.39
  -18.19
  -22.40
  -10.93
  -26.28
  -15.09
  -22.81
  -13.72
  -11.08
  -11.40
  -20.62
  -21.98
  -15.64
  -14.06
  -12.18
  -10.59
  -15.32
  -17.23
  -18.34
   -7.21
  -13.16
  -15.80
   -8.17
  -15.83
  -13.37
  -39.21
  -18.42
   -9.17
  -15.40
  -32.48
  -11.74
  -13.18
  -16.43
  -15.85
  -16.39
  -28.34
  -19.60
  -10.98
  -10.21
   -6.35
  -18.13
  -16.36
  -18.09
  -17.19
  -12.67
  -24.07
  -21.57
  -20.62
  -16.56
  -19.18
  -15.90
   -9.99
  -12.63
  -12.86
  -13.14
   -8.82
  -16.10
  -13.59
  -20.91
  -16.17
  -22.89
  -11.52
  -15.10
  -12.74
  -12.97
  -13.75
  -14.85
  -15.45
  -19.84
  -18.01
  -14.19
  -31.01
  -21.22
  -14.81
  -15.87
  -20.42
  -16.48
  -14.16
  -16.98
  -11.12
  -21.52
  -15.50
  -16.53
  -12.67
  -14.16
  -15.72
  -16.55
  -12.65
  -24.76
  -15.72
  -11.90
  -18.82
  -20.93
  -19.04
  -14.67
  -11.05
  -17.09
  -22.52
  -12.98
  -13.08
   -7.92
  -15.20
  -14.44
  -11.78
   -9.85
   -7.59
   -9.33
   -8.19
  -11.29
  -13.18
  -21.97
  -14.33
  -16.28
  -16.14
  -21.83
  -19.00
  -17.49
  -12.82
   -8.96
  -16.90
  -12.83
  -13.14
  -14.88
  -15.07
  -18.53
  -13.23
  -11.96
  -12.56
  -14.56
  -17.45
  -20.59
  -16.80
   -7.99
  -13.33
  -14.07
  -20.81
  -14.62
  -12.48
  -15.61
  -21.19
  -11.97
  -11.79
  -21.40
  -18.35
  -15.70
  -12.11
  -14.08
  -19.46
  -16.01
  -10.18
  -17.64
   -8.81
  -13.47
  -13.20
  -14.04
  -13.78
  -15.11
  -15.01
  -12.91
  -22.35
  -34.44
  -15.16
  -13.64
  -30.08
  -15.86
  -15.11
  -15.87
  -21.50
  -21.40
  -37.36
  -23.42
  -14.22
  -14.69
  -11.37
  -15.30
  -15.21
  -12.27
  -19.28
  -21.94
  -23.76
  -17.19
  -29.38
  -16.34
  -12.73
  -15.66
   -9.09
   -8.29
  -17.13
  -20.23
  -20.24
  -19.88
  -19.06
  -16.68
   -8.08
  -11.73
  -16.37
  -17.08
  -24.03
  -14.72
  -19.07
  -10.92
  -27.56
  -10.13
  -13.83
  -16.93
   -9.81
  -18.22
   -9.69
   -7.74
  -14.86
  -16.63
  -13.23
  -17.13
  -14.46
   -8.07
  -15.69
   -7.90
  -17.35
  -20.79
  -22.55
  -17.72
  -10.63
  -11.16
  -19.31
  -13.78
  -12.49
  -19.91
  -11.10
  -18.14
  -19.07
  -14.12
  -19.55
  -10.52
   -9.02
  -15.19
  -11.31
  -13.47
  -16.38
  -16.54
   -6.40
  -10.70
  -14.66
  -19.01
  -11.02
  -18.27
  -17.48
  -23.64
  -13.57
  -19.81
  -18.89
  -19.59
  -16.85
  -18.44
  -16.00
  -26.07
  -14.40
  -15.74
  -14.80
  -10.04
  -16.32
  -14.94
  -29.38
  -13.77
  -17.01
  -27.20
  -10.42
  -10.83
  -17.45
   -9.54
  -13.62
  -12.02
  -16.31
  -29.19
  -12.48
  -20.48
  -17.45
  -15.97
  -12.85
  -19.48
  -16.79
  -14.14
  -12.28
  -14.76
  -10.81
  -16.19
   -8.43
  -11.15
  -15.24
   -6.28
  -16.32
  -17.08
  -16.34
  -10.29
  -20.20
  -12.02
  -24.37
  -12.01
  -11.76
  -13.14
  -16.24
  -16.13
  -13.95
  -18.79
  -15.03
  -15.95
   -9.65
  -17.14
   -9.29
  -19.11
  -22.74
  -15.01
  -17.24
  -17.42
  -11.69
  -22.62
  -14.40
  -10.78
  -23.65
  -17.14
  -16.36
   -8.58
  -11.78
  -19.46
  -13.73
  -17.49
   -9.87
  -16.13
  -17.55
  -14.03
   -6.50
  -12.94
  -17.23
  -18.36
  -23.31
  -15.48
  -21.77
  -13.67
   -8.76
  -41.08
  -15.50
  -16.36
  -11.95
  -14.44
  -17.34
  -14.44
  -19.60
  -15.51
  -22.79
  -14.31
  -10.18
  -20.67
  -14.69
  -15.93
  -15.30
  -13.46
  -12.07
  -14.35
  -15.28
   -8.80
   -8.83
  -10.03
  -16.14
  -13.10
  -13.67
  -13.22
  -21.97
  -16.39
   -6.59
  -16.44
  -14.04
  -16.84
  -14.84
  -16.23
  -12.90
  -23.68
  -16.41
  -27.50
  -15.57
  -12.42
  -18.04
  -17.82
  -13.39
  -16.43
  -14.09
  -13.87
  -35.86
  -12.07
  -13.13
  -14.61
  -13.85
  -16.98
   -7.92
  -17.51
  -15.40
  -16.55
  -14.72
  -13.64
  -17.90
  -16.84
  -16.94
  -15.10
  -15.31
  -22.16
  -17.63
  -27.46
  -14.51
  -15.75
  -16.29
  -19.10
  -15.23
  -19.38
  -22.19
  -14.58
  -35.09
  -11.95
  -10.28
  -12.64
  -16.84
   -9.67
  -15.50
  -15.48
  -14.98
  -11.90
  -18.88
  -14.42
  -13.06
  -12.58
  -22.13
  -11.12
   -6.53
  -10.16
  -17.76
  -27.37
  -25.15
  -17.13
   -9.83
   -9.76
  -11.71
  -16.55
  -13.30
  -13.74
  -29.31
  -13.47
  -12.00
  -10.56
  -12.28
  -24.68
  -19.39
  -31.24
  -16.33
   -9.55
  -15.43
  -13.99
  -13.81
  -12.42
  -11.90
  -15.75
  -19.32
  -15.01
  -18.72
  -36.64
  -20.77
  -13.75
  -22.25
  -10.66
  -17.64
  -15.62
  -14.54
  -15.12
  -19.35
  -17.99
  -13.90
   -9.38
  -13.07
  -13.73
  -29.43
  -17.76
  -18.36
  -20.82
  -11.48
  -16.47
  -10.03
   -9.52
  -11.72
  -15.69
  -20.11
  -32.08
  -14.42
  -17.73
  -14.98
  -14.81
  -14.23
  -15.66
  -15.86
  -12.04
  -16.39
  -13.92
  -20.60
  -23.03
  -28.38
  -12.54
  -15.45
  -26.72
  -14.29
   -9.84
  -15.76
  -15.44
  -14.51
  -17.86
  -17.71
  -17.81
  -16.97
  -14.10
  -11.01
  -20.59
  -17.68
  -11.91
   -6.81
  -14.94
  -17.73
  -15.80
  -16.06
  -14.70
  -14.02
   -8.78
  -17.91
  -17.70
  -18.81
  -16.55
  -16.23
   -8.22
  -19.23
  -15.51
   -9.79
  -16.59
  -15.19
  -10.97
  -13.51
  -13.54
   -8.45
  -14.43
  -12.87
  -12.74
   -9.07
  -15.71
  -11.35
  -17.30
  -18.68
  -18.07
  -23.30
  -20.69
  -13.54
  -13.32
  -20.40
  -11.32
  -17.85
  -13.04
  -21.94
  -16.15
  -12.06
  -11.92
   -9.47
  -10.20
  -12.08
  -14.10
  -12.75
  -19.56
  -14.79
  -15.29
  -20.38
   -8.19
  -21.38
  -37.75
  -15.09
  -16.42
   -9.92
  -13.54
  -14.59
  -20.37
  -17.77
  -16.59
  -15.34
  -11.73
  -13.06
   -8.84
  -12.37
  -23.52
  -17.08
  -30.42
   -7.32
  -17.18
  -13.26
  -20.83
   -7.60
   -8.27
  -13.44
  -13.64
  -14.86
  -18.24
  -24.30
  -17.61
  -12.72
  -15.81
  -25.25
  -16.59
  -11.17
  -12.02
  -24.08
  -12.19
  -17.46
  -13.41
  -14.04
  -18.57
  -16.83
  -17.62
  -18.16
  -12.61
  -17.43
  -15.19
  -15.00
  -14.47
  -13.22
  -10.67
  -12.83
  -16.54
   -7.14
  -15.58
  -16.69
  -20.31
  -11.71
  -17.66
  -21.75
  -14.93
  -12.55
   -8.08
  -13.71
  -15.40
  -16.68
  -20.68
  -16.94
  -18.11
  -18.67
   -9.63
  -13.67
  -28.60
  -18.01
  -13.29
  -12.21
   -7.43
  -18.63
  -18.30
  -10.16
  -27.82
  -11.42
  -18.69
  -11.33
  -12.79
   -9.88
  -14.14
  -17.33
  -28.14
   -9.21
  -22.77
   -8.56
  -16.30
  -12.83
  -14.83
  -16.89
  -12.63
  -19.28
  -16.93
   -8.17
  -21.31
  -17.19
  -15.56
  -13.22
  -14.63
  -19.37
  -10.62
  -18.19
  -16.99
  -22.48
  -13.62
  -10.94
   -8.95
  -18.20
  -15.91
  -15.36
  -11.87
  -12.26
  -44.10
  -17.96
  -12.02
  -16.31
   -9.33
  -23.40
   -6.02
  -13.88
  -18.90
  -29.04
  -10.12
  -15.03
  -16.85
  -16.07
  -17.83
  -14.97
  -11.96
  -20.11
  -22.00
  -15.12
  -17.70
  -28.34
   -9.33
  -13.09
  -18.64
  -25.10
  -16.28
  -12.00
  -20.09
  -26.49
  -18.71
   -8.29
  -14.02
  -11.86
  -18.85
  -17.26
  -14.79
   -9.53
  -20.18
  -17.14
  -15.08
   -8.51
  -16.42
  -15.90
  -15.40
  -16.91
  -11.97
  -18.37
  -15.07
  -15.38
  -14.11
  -18.39
   -6.25
  -14.44
  -21.12
  -12.58
  -22.03
  -11.60
  -12.49
  -18.04
  -21.18
  -18.91
  -33.60
  -14.95
  -12.14
  -21.50
  -17.62
  -22.10
  -19.39
  -17.61
  -23.08
  -10.44
  -12.78
  -20.99
   -8.65
   -8.82
  -15.12
  -12.50
   -8.76
  -10.13
   -9.83
  -10.56
  -16.26
   -9.52
  -14.60
  -21.56
   -8.49
  -19.05
  -15.00
  -17.36
  -10.00
  -28.51
  -18.78
  -12.85
   -8.36
  -16.53
  -17.03
  -15.59
  -12.08
  -10.54
  -14.66
  -24.43
  -19.36
   -9.90
  -11.27
  -14.53
  -23.71
  -13.89
  -15.18
  -17.19
  -17.18
   -7.30
  -26.37
  -19.07
  -19.49
  -12.34
  -12.90
  -12.43
  -12.82
  -19.70
  -26.48
  -16.77
  -10.30
  -10.56
  -16.09
  -16.28
  -14.25
  -11.94
  -16.47
  -18.04
   -7.34
  -11.24
  -13.76
  -14.62
  -25.71
   -7.77
  -17.32
  -23.98
   -6.55
  -13.07
   -7.31
  -23.16
  -14.76
  -16.89
  -15.17
  -25.71
  -15.72
  -12.33
  -16.68
  -16.98
  -13.19
  -19.39
  -11.47
   -9.94
  -13.96
  -18.71
  -23.90
  -20.03
  -12.46
  -15.97
  -14.98
  -22.68
  -15.49
  -30.04
  -18.03
  -13.23
  -16.04
   -8.98
  -11.30
  -27.50
  -13.27
  -12.44
  -15.17
  -29.56
  -17.62
  -13.73
  -18.08
  -14.53
  -18.40
   -9.95
  -17.45
  -10.18
  -12.88
  -17.40
  -15.84
  -17.94
   -6.91
  -16.50
  -13.03
   -9.91
  -20.74
  -24.51
  -11.58
  -16.37
  -21.20
  -22.56
  -17.79
  -12.30
  -17.96
  -22.17
  -26.88
  -18.11
  -13.90
  -13.25
  -14.30
  -14.89
  -28.66
  -10.13
  -19.22
  -25.47
  -17.29
  -13.72
  -23.57
  -16.65
  -17.56
  -19.32
  -11.54
  -16.74
  -17.76
  -16.22
   -9.07
   -8.87
  -17.90
   -8.53
   -8.42
   -8.74
  -13.87
  -20.21
   -9.73
  -16.71
  -23.42
  -20.83
  -14.27
  -16.18
  -18.14
  -17.18
  -12.25
  -12.25
  -12.63
  -12.64
   -8.41
  -17.34
   -9.32
  -15.67
  -16.23
  -19.03
   -8.37
   -6.98
  -13.59
  -14.47
   -9.58
  -15.23
  -11.74
  -14.57
  -15.31
  -17.67
  -18.11
  -15.79
  -12.82
  -27.65
  -16.62
  -13.00
  -16.89
  -13.08
  -10.21
  -10.24
  -12.56
  -30.25
  -13.98
  -13.86
  -19.63
  -18.63
  -11.26
  -14.87
  -18.41
   -6.43
  -13.75
  -12.15
  -19.80
  -24.37
  -17.49
  -15.81
  -17.59
  -15.09
  -20.37
  -13.07
  -14.05
  -29.84
  -12.84
  -10.12
  -14.89
  -31.71
   -7.94
  -11.02
  -22.02
  -18.18
  -19.99
  -23.47
  -21.88
  -16.17
  -19.36
  -14.70
   -7.57
  -15.05
  -23.12
  -33.82
  -14.28
  -21.58
  -17.21
  -21.51
  -10.84
  -19.95
  -13.50
  -21.62
  -17.52
  -12.49
  -14.89
  -17.24
  -16.68
  -11.61
  -14.74
  -13.55
  -13.98
  -13.88
  -14.51
  -15.53
  -12.99
  -15.10
  -20.33
  -15.67
  -25.80
  -14.30
  -18.03
  -14.97
   -9.67
  -18.07
  -12.67
  -11.39
  -14.09
  -19.62
  -20.72
  -11.18
  -36.63
  -18.96
  -17.77
  -16.96
  -23.56
   -9.25
  -12.21
  -15.28
  -14.97
  -19.15
  -16.91
  -14.74
  -18.83
  -16.55
  -16.27
  -15.47
  -15.05
  -12.93
  -13.14
  -17.95
  -11.34
  -10.27
  -17.06
   -7.72
  -16.33
  -21.64
  -19.45
  -15.79
  -14.50
   -8.17
  -14.99
  -19.66
  -17.20
  -11.78
  -24.60
  -19.15
  -14.05
  -11.43
  -20.12
   -9.65
  -15.15
  -16.03
  -17.15
  -19.26
  -16.43
  -20.60
  -19.43
  -13.71
  -23.45
  -20.57
  -14.91
  -11.55
  -11.45
   -8.74
  -10.38
  -17.33
  -15.00
  -15.51
  -27.58
  -16.00
  -13.62
  -15.72
  -22.72
  -15.81
  -29.54
  -15.72
  -12.97
  -18.13
  -10.41
  -17.91
  -16.48
  -20.73
  -16.86
  -16.18
  -39.40
  -21.11
  -18.30
   -7.76
  -16.98
  -16.98
  -12.99
  -13.87
  -16.99
  -15.45
  -16.69
  -13.74
  -17.20
  -17.48
  -18.83
  -18.47
  -15.09
  -19.45
  -30.26
  -27.25
  -13.15
  -19.81
  -11.21
  -20.93
  -15.61
  -13.67
  -11.90
  -13.68
  -14.62
  -14.14
  -18.33
   -8.81
  -16.36
  -10.66
  -16.81
  -16.46
  -16.51
  -14.41
  -12.39
   -9.99
  -15.37
  -12.86
  -13.13
  -16.75
  -20.33
  -13.62
  -17.88
  -14.97
  -12.41
  -20.40
  -16.74
  -14.60
  -20.32
  -21.43
  -15.89
  -12.62
  -13.41
  -25.43
  -15.48
  -12.65
  -12.07
  -19.21
   -5.41
  -17.18
  -13.26
  -13.16
  -16.03
  -18.19
  -21.21
  -16.38
  -18.84
  -27.02
  -14.33
  -13.62
  -13.54
  -26.17
   -9.04
  -15.62
   -8.91
  -11.59
  -14.51
  -14.72
  -15.41
  -19.64
  -17.64
   -9.43
  -21.10
   -9.09
  -22.46
   -9.11
  -12.36
  -14.43
  -17.47
  -14.19
  -13.51
  -17.75
  -15.24
  -20.80
   -8.39
  -22.59
  -14.39
   -8.21
  -22.51
  -25.06
  -11.56
  -22.39
  -17.97
  -19.23
   -9.27
   -8.02
  -18.73
  -10.54
   -6.97
  -17.50
  -13.30
  -15.11
  -42.71
  -37.44
  -18.18
  -26.91
  -34.33
  -17.40
  -16.68
  -22.28
  -19.72
  -14.96
  -23.44
  -18.26
  -23.57
  -18.01
   -5.93
  -18.30
  -27.45
  -21.09
  -10.56
   -9.74
  -12.78
   -7.69
  -17.71
  -12.24
  -16.42
  -16.83
  -12.99
  -20.22
  -22.68
  -15.44
  -14.14
  -15.84
  -17.06
  -21.49
  -11.44
   -9.41
   -9.78
  -18.56
  -15.98
  -15.61
  -20.71
  -20.35
  -17.45
  -12.60
  -15.09
  -19.09
  -14.47
  -12.30
  -14.13
  -21.18
  -15.56
  -15.33
  -21.73
  -25.48
  -14.18
  -15.28
  -19.98
  -17.91
  -16.12
  -17.98
  -21.55
  -17.85
  -16.13
  -15.48
   -7.97
  -28.93
  -17.39
  -14.61
  -13.14
  -16.78
  -16.68
  -11.47
  -20.65
  -16.96
  -24.26
   -8.41
  -24.83
  -18.14
   -6.17
  -11.24
  -17.85
  -13.17
   -5.88
  -11.75
  -14.47
  -20.37
  -18.79
  -16.15
  -19.66
   -8.85
  -11.10
  -11.29
  -16.11
  -11.81
  -15.94
  -15.63
  -14.21
  -27.33
  -19.41
  -14.50
  -20.16
  -18.80
  -20.11
  -31.34
   -9.08
  -19.69
  -16.56
  -12.89
   -9.08
  -19.16
  -17.06
  -25.57
  -14.78
  -14.71
  -16.12
  -23.49
  -19.38
  -13.85
  -15.65
  -17.82
  -17.07
  -12.74
   -9.40
  -10.29
  -11.70
  -11.04
  -14.87
   -7.12
  -20.17
  -17.85
  -16.11
  -16.83
  -16.28
  -18.12
  -20.00
  -18.43
  -17.34
  -12.15
  -35.45
  -33.33
  -16.44
  -20.18
  -20.29
  -20.21
  -13.13
  -16.95
  -13.31
  -20.13
  -18.57
  -15.72
  -17.56
  -12.77
  -16.02
   -8.37
  -22.51
   -7.77
  -10.67
  -20.97
  -32.24
  -19.31
   -8.13
  -11.14
  -13.95
  -16.31
   -7.87
  -16.40
  -19.19
  -16.58
  -16.80
  -12.20
  -21.93
   -9.50
  -13.40
   -8.00
  -12.47
  -11.80
  -11.72
  -13.98
  -10.44
  -15.66
  -13.98
  -14.20
  -19.19
  -19.71
  -19.03
   -7.45
  -20.14
  -17.62
  -18.07
  -38.97
  -18.64
  -14.91
   -8.40
  -17.95
  -26.83
  -16.18
  -12.40
  -16.17
  -26.70
  -14.24
  -16.82
  -12.72
  -10.90
  -21.26
  -22.39
  -21.07
  -12.95
  -22.43
  -14.21
   -8.94
  -13.70
   -7.23
  -14.46
  -16.44
  -29.45
  -16.76
  -14.69
  -11.87
  -14.54
  -18.44
  -14.66
  -20.59
  -20.03
  -17.57
  -14.64
  -22.96
  -18.99
  -15.81
  -13.92
  -16.25
  -16.58
   -7.96
  -16.39
  -23.61
  -16.41
  -15.38
  -16.39
  -17.03
  -16.82
  -17.03
  -27.93
  -15.85
  -18.92
   -9.05
  -18.34
  -14.94
  -12.94
  -18.02
  -17.99
   -8.51
  -16.17
  -16.43
  -15.25
  -35.40
  -12.28
  -10.82
  -15.84
  -18.64
  -17.11
  -18.06
  -25.31
  -10.75
  -11.61
  -27.38
  -11.41
  -11.96
  -16.50
  -14.19
   -7.77
  -29.67
  -14.92
  -11.59
  -18.56
  -16.10
  -12.76
   -9.47
  -17.61
  -21.32
  -16.38
   -5.65
  -16.97
  -17.01
  -15.40
  -10.59
  -12.92
  -14.63
  -25.35
  -18.33
  -12.36
  -18.19
  -19.70
  -18.78
  -10.13
  -14.46
  -15.04
  -23.44
  -30.20
  -15.21
  -15.94
  -26.01
  -23.35
  -16.14
  -14.08
   -7.12
  -14.35
  -18.02
  -12.82
  -11.73
  -24.76
  -13.07
  -12.97
  -13.40
  -10.24
  -18.74
  -10.41
  -14.11
  -14.51
  -25.93
  -17.32
  -10.79
  -19.96
  -11.56
  -20.69
  -22.89
  -20.79
  -13.29
  -14.77
   -9.62
  -19.32
  -18.84
  -15.11
  -14.51
  -13.58
  -14.87
  -13.17
  -13.11
  -17.05
   -9.00
  -10.88
  -19.58
  -19.59
  -14.04
  -16.54
  -23.49
  -13.67
  -12.49
  -28.34
  -14.85
  -19.08
  -15.53
  -13.82
  -21.64
  -17.38
  -21.42
   -7.98
  -15.46
  -10.36
  -18.62
  -14.29
  -11.97
  -17.58
  -15.13
  -13.69
  -23.94
  -18.79
  -14.71
  -15.05
  -10.70
  -14.13
  -17.08
   -7.43
  -12.65
  -20.25
   -8.34
  -21.70
  -11.05
  -14.44
  -16.36
  -16.35
  -14.07
   -9.79
  -17.63
  -12.39
  -17.88
  -19.92
  -13.67
  -17.49
  -17.66
   -9.44
  -11.89
  -17.27
  -14.67
  -13.18
  -17.97
  -10.71
  -19.57
  -10.49
   -6.42
  -17.59
  -17.50
  -13.79
  -15.79
  -12.54
  -16.27
  -15.57
  -17.98
  -14.29
  -17.64
  -15.57
  -12.28
  -16.10
  -14.29
  -18.61
  -18.82
  -17.40
  -15.97
  -10.89
  -20.82
  -23.35
  -21.57
   -7.99
  -16.00
  -13.91
  -17.41
  -15.74
  -15.72
  -21.92
  -10.91
  -13.66
  -12.81
  -16.72
   -6.49
  -16.11
  -28.81
  -13.77
   -7.87
  -19.85
  -16.56
  -16.81
  -12.46
  -17.81
  -10.65
  -19.06
  -24.81
  -18.31
  -16.45
  -10.27
  -15.56
  -17.97
  -16.24
  -14.88
  -10.25
  -13.99
  -12.69
  -13.79
  -14.76
  -15.17
  -17.68
  -20.45
  -12.49
  -15.53
  -17.24
  -15.00
  -13.39
  -22.95
  -19.20
   -9.44
  -25.02
  -13.33
  -16.74
  -13.71
  -20.00
  -14.73
  -12.61
  -14.11
  -18.37
  -14.70
  -13.01
  -10.21
  -10.25
  -19.76
  -10.76
  -18.31
  -22.00
  -15.55
  -10.61
  -16.90
  -20.67
  -16.09
  -16.96
  -10.12
  -30.96
  -19.56
  -13.12
  -16.17
  -27.75
  -13.88
  -15.91
  -17.05
  -13.25
  -14.19
  -16.90
   -7.28
  -13.75
  -13.07
  -15.07
  -12.76
  -13.75
  -21.21
  -22.34
  -19.73
  -15.02
  -20.94
  -11.51
  -10.13
  -20.97
  -15.22
  -12.58
  -13.26
  -15.03
  -16.06
  -13.70
  -29.15
  -25.69
  -15.17
   -7.02
  -14.91
  -15.71
  -23.62
  -14.28
  -13.56
   -8.52
  -21.08
  -11.26
  -14.93
  -19.92
  -22.97
  -12.91
  -15.35
  -19.12
  -11.37
  -13.35
   -7.27
  -28.93
  -14.86
  -21.03
   -7.61
  -11.90
  -10.88
  -17.10
  -20.87
  -14.49
  -15.37
  -15.90
  -19.85
  -17.80
  -17.08
  -20.29
  -20.07
   -7.40
  -14.07
  -10.67
  -10.74
  -23.08
  -13.12
  -18.48
  -15.01
  -21.91
  -22.02
  -19.27
  -10.54
  -14.95
  -11.68
  -18.33
  -13.47
   -9.85
  -20.09
  -30.04
  -26.29
  -18.88
  -12.62
  -17.72
  -11.06
  -18.63
  -23.62
  -10.75
  -16.58
  -17.91
  -22.23
  -13.78
  -16.10
  -14.18
  -10.04
  -11.88
  -11.01
  -15.04
  -21.55
  -11.38
  -12.42
  -15.22
  -23.70
  -10.33
  -10.64
  -17.73
   -7.94
  -22.13
  -16.50
  -24.17
  -17.41
  -22.84
  -20.50
  -13.13
   -7.32
  -17.21
   -8.06
  -11.98
  -16.52
  -10.04
  -15.78
  -13.53
  -18.40
  -11.33
  -10.62
  -12.89
  -10.42
  -17.83
  -30.75
  -12.38
  -14.57
  -18.88
  -14.51
  -14.52
  -15.97
  -25.10
  -16.37
  -17.50
  -12.75
  -11.85
  -11.06
  -21.80
   -9.85
  -13.49
  -16.12
  -18.47
  -22.25
  -14.49
  -13.82
   -9.52
  -13.52
  -13.38
   -9.45
  -19.15
  -21.95
  -26.00
  -13.89
  -15.86
  -12.87
  -16.09
   -8.66
  -11.31
  -14.90
   -7.66
  -11.35
  -16.70
  -16.12
  -21.65
  -25.78
  -24.05
  -17.50
  -15.20
   -8.13
   -8.86
  -14.03
  -21.05
  -11.50
  -14.79
  -13.10
  -13.83
  -14.50
  -17.36
  -12.98
  -15.73
  -14.91
  -14.75
   -8.79
  -18.60
  -19.13
  -13.49
  -10.47
  -14.67
  -17.03
  -23.90
  -17.32
   -8.73
  -16.14
  -15.89
  -31.10
  -17.75
  -13.23
   -9.95
  -13.51
  -19.25
  -38.18
  -14.62
  -12.57
   -8.85
  -15.42
  -29.13
   -8.01
  -10.40
  -18.67
  -16.31
  -14.37
   -7.53
  -15.25
  -13.39
  -12.93
  -25.37
  -12.86
  -10.31
  -15.94
  -35.30
  -13.15
  -18.05
  -17.33
  -20.46
  -10.40
  -15.47
  -17.22
  -22.12
  -15.61
  -13.24
  -20.11
  -12.61
  -18.67
  -10.38
  -11.75
  -12.01
  -18.53
  -12.71
  -15.63
  -13.74
  -19.57
  -18.05
  -19.73
  -22.55
  -16.31
  -17.08
  -14.84
  -13.63
  -14.58
  -14.12
  -24.70
  -15.21
  -18.18
  -23.97
  -14.39
  -16.60
  -20.99
  -15.83
  -12.17
  -16.83
  -13.11
  -12.85
  -20.44
  -13.16
  -12.16
  -15.97
  -17.45
   -9.10
  -15.98
  -16.60
  -16.71
  -17.40
  -17.40
  -15.21
   -6.09
  -15.59
  -25.13
  -13.17
   -8.55
  -12.29
   -7.81
  -16.30
  -16.00
  -15.97
   -9.64
  -17.83
  -17.27
  -18.39
  -12.99
  -16.21
  -17.70
  -22.75
  -17.66
  -20.24
  -14.69
  -13.42
  -13.48
   -8.89
  -19.20
  -12.83
  -13.30
  -11.74
  -17.63
  -17.73
  -16.64
  -14.55
  -15.03
  -14.48
  -11.56
  -16.03
   -9.52
  -14.85
  -18.86
  -18.30
  -13.69
  -13.83
  -15.93
  -11.84
  -19.65
  -18.57
  -21.78
  -17.76
  -35.74
  -17.62
  -29.59
  -18.78
  -12.09
   -9.22
  -15.70
  -19.51
  -14.07
  -19.10
  -22.27
  -15.93
  -17.96
  -22.23
  -13.13
  -14.34
  -17.89
  -16.50
  -11.01
  -14.60
  -19.05
  -15.68
  -12.78
  -15.67
  -16.34
  -11.86
   -7.20
  -18.50
  -15.19
  -11.39
   -4.81
  -13.30
  -19.10
  -18.14
  -13.86
  -15.38
  -18.90
  -14.54
  -23.58
  -10.87
  -11.41
  -19.13
  -15.43
   -5.77
  -18.02
  -14.25
   -8.55
  -18.65
  -14.94
   -9.05
  -16.78
  -20.70
  -21.19
  -17.88
  -22.27
  -11.80
  -18.08
  -16.59
  -24.66
  -15.88
  -16.83
  -17.56
  -19.37
  -13.24
  -15.17
  -13.24
  -12.70
  -26.60
  -25.42
  -19.79
   -7.26
  -13.68
  -15.14
  -17.82
   -8.80
  -21.76
  -16.82
  -13.78
  -17.38
  -16.95
  -13.80
  -19.47
  -17.45
  -19.17
  -18.83
  -14.59
  -12.05
  -13.35
  -10.35
  -15.09
  -11.38
  -16.05
  -15.80
  -10.35
  -17.62
  -10.24
  -18.64
  -14.89
  -15.64
  -17.90
  -13.95
  -18.22
  -22.18
  -25.06
  -15.51
  -13.41
  -14.99
  -16.63
  -17.33
  -14.15
  -14.00
  -19.89
  -12.33
  -20.18
  -18.25
  -17.84
  -13.85
  -25.70
  -18.31
  -11.07
  -10.44
  -13.00
  -19.68
  -12.43
  -16.71
  -14.11
  -17.30
  -30.91
  -21.82
  -11.79
  -16.13
  -18.05
   -5.70
   -9.51
  -16.46
  -11.24
  -17.86
  -20.98
  -16.73
  -13.49
  -11.36
  -17.91
  -13.46
  -15.92
  -16.06
  -12.77
   -7.15
  -19.41
  -15.03
   -8.66
  -17.53
  -16.65
  -11.67
  -17.62
  -12.70
  -14.31
   -9.88
  -14.20
  -24.86
   -9.68
  -15.42
  -16.34
  -11.25
  -21.29
  -17.79
  -23.66
  -17.51
  -15.56
  -12.61
  -14.71
  -15.80
  -15.56
  -18.62
   -9.10
  -10.16
   -9.51
  -13.50
  -14.80
  -12.06
  -14.60
  -16.14
  -24.73
  -12.62
  -24.01
  -15.57
  -14.12
   -9.55
  -17.85
  -11.34
  -13.29
  -13.33
  -12.65
  -12.11
  -13.22
  -15.71
  -16.08
  -14.39
  -19.84
  -22.17
  -11.22
  -11.81
  -10.93
  -21.99
  -13.68
  -24.94
  -24.21
  -19.29
  -14.79
  -19.48
  -16.91
  -15.08
  -15.97
  -12.62
  -19.70
  -22.20
  -20.62
  -16.65
  -12.24
  -23.84
  -12.46
  -15.06
  -12.24
  -19.62
  -20.00
  -11.38
  -15.04
  -15.20
  -16.23
  -23.05
  -11.57
  -17.44
  -14.25
  -14.89
  -16.82
  -11.85
  -18.25
  -10.43
  -21.31
  -15.87
   -9.61
  -22.83
  -14.13
  -17.90
  -18.82
  -13.90
  -13.39
  -20.72
  -28.39
  -18.97
  -16.84
  -12.10
  -15.27
  -17.49
   -9.13
  -15.42
  -20.78
  -20.78
  -15.76
  -19.78
  -13.48
  -18.49
  -10.83
  -16.79
  -37.19
  -15.46
  -28.79
  -21.84
   -6.52
   -6.81
  -11.12
  -13.56
  -16.63
  -18.57
  -11.96
  -16.33
  -21.41
  -15.92
  -12.28
  -13.28
  -18.57
  -14.88
  -25.67
  -16.44
  -20.23
  -17.49
  -15.41
  -18.35
  -17.69
  -21.88
   -9.51
   -9.35
  -12.76
   -6.01
   -8.65
  -10.45
  -20.35
  -17.62
  -13.32
  -15.45
  -16.47
  -15.19
  -21.89
   -7.85
  -14.65
  -20.49
  -14.68
  -12.29
  -14.59
  -20.23
  -22.29
  -18.69
  -15.29
  -12.23
  -17.01
  -16.18
  -19.36
  -16.53
  -13.97
  -11.64
  -17.22
  -21.94
  -15.07
  -16.01
  -10.71
  -20.96
  -25.79
  -23.41
  -17.07
  -18.23
  -24.07
  -13.85
  -18.21
  -18.82
   -9.89
  -16.24
  -34.67
  -16.87
  -13.16
  -18.37
  -18.06
  -13.96
  -17.57
  -11.85
  -12.58
  -10.33
  -24.74
  -18.37
  -17.72
  -18.16
  -16.72
  -15.54
  -23.67
  -12.99
  -17.45
  -12.17
  -13.51
  -18.45
  -11.73
  -14.07
   -9.98
  -17.85
  -10.37
  -13.37
  -22.56
  -15.29
  -15.51
  -12.12
  -20.11
  -14.18
  -19.75
  -18.76
  -10.34
  -12.81
  -25.99
  -12.16
  -16.90
   -8.82
  -17.13
  -14.22
  -16.55
  -15.84
  -13.75
  -14.43
  -14.84
  -20.96
  -11.20
  -39.35
  -14.81
  -11.62
  -16.73
  -15.36
  -23.01
  -13.04
  -11.32
  -14.36
  -13.60
  -16.28
  -20.60
  -14.92
  -27.39
  -10.58
  -10.06
  -14.42
  -19.05
  -17.30
  -15.95
  -17.65
  -12.50
  -21.11
  -18.05
   -7.61
  -19.23
  -16.75
  -18.31
  -14.14
  -19.31
  -15.96
  -15.37
  -16.42
  -12.61
  -18.36
   -9.08
  -11.24
  -14.64
  -14.94
  -17.05
   -9.10
  -14.76
  -18.72
  -16.79
  -11.34
  -13.23
  -14.32
  -14.66
  -14.10
  -12.89
  -22.35
  -12.57
  -17.75
  -10.76
  -17.33
  -11.27
  -16.21
  -40.32
   -7.18
  -22.65
  -15.93
  -14.59
  -16.99
  -15.50
  -19.40
  -15.73
  -10.54
  -19.52
  -17.05
  -14.89
  -17.30
  -15.08
  -15.76
  -10.69
  -21.57
  -15.94
  -31.24
  -11.75
  -14.45
  -14.79
  -23.98
  -13.27
  -15.23
  -14.31
  -19.71
  -16.04
  -12.90
  -11.89
  -19.35
  -13.47
   -8.55
  -22.76
  -13.36
   -7.73
  -15.66
  -20.22
  -16.98
  -20.41
  -18.47
  -13.84
  -16.52
  -16.56
  -12.50
  -14.76
  -17.90
  -13.24
  -17.06
   -8.00
  -21.22
  -13.75
  -13.45
  -16.36
  -17.97
  -17.27
   -8.56
  -14.35
  -20.73
  -11.94
  -19.35
  -15.48
  -15.23
   -6.09
   -8.76
  -16.50
  -15.16
  -14.79
  -15.67
  -10.19
  -36.92
  -11.95
  -12.08
  -15.38
  -10.03
  -13.51
  -18.21
  -12.52
  -13.16
  -15.90
   -8.44
  -24.47
  -15.41
  -20.31
  -18.70
  -21.59
  -15.87
  -11.68
  -17.63
  -25.35
  -14.57
  -13.81
  -33.69
  -13.25
   -6.91
  -12.15
  -23.02
  -30.88
  -10.13
  -13.43
  -13.03
   -8.08
  -14.66
  -11.50
  -17.42
  -23.45
  -17.31
   -9.50
  -20.31
  -16.73
  -17.80
  -16.82
  -11.70
  -11.93
  -15.99
  -11.69
  -17.50
  -28.34
  -16.79
  -15.23
  -12.02
  -19.71
  -16.38
  -15.67
  -12.35
  -10.00
  -15.84
  -12.55
  -19.31
  -18.27
  -21.27
  -12.88
  -16.29
  -15.03
  -14.61
   -8.69
  -13.77
  -14.61
  -28.09
  -14.77
  -19.61
  -36.07
  -19.61
  -13.57
  -16.58
  -15.56
  -23.31
  -15.57
  -13.59
  -17.65
  -21.99
  -22.43
  -23.75
  -19.10
  -36.31
  -26.39
  -21.18
  -18.42
  -23.38
  -14.75
  -11.06
  -10.75
  -36.72
  -12.42
  -14.98
  -13.98
  -15.42
  -14.89
  -13.02
  -12.38
  -19.96
  -12.56
  -11.96
  -18.71
  -16.38
  -21.14
  -14.87
   -9.71
  -12.90
  -10.83
  -15.67
  -18.63
  -11.35
  -19.21
  -27.58
  -14.75
  -11.20
  -11.02
   -8.55
  -12.21
  -12.59
  -14.04
  -16.38
  -21.91
  -15.65
  -25.39
  -16.95
  -19.67
  -14.26
  -13.54
  -10.16
  -14.92
  -23.84
  -18.11
  -15.70
  -15.19
  -15.30
  -13.38
  -12.43
  -17.95
  -14.69
   -9.18
  -20.37
  -18.93
  -12.51
  -15.41
  -27.35
  -19.65
   -7.85
  -21.62
  -15.68
   -9.53
  -25.07
  -19.89
  -18.02
  -13.57
  -16.46
  -17.27
  -14.96
   -7.87
